2301,'Fête-2-01',540,,1850,300,,,0,88,,1851,300,,,0,22,,1852,300,,,0,70,,1853,300,,,0,36,,1854,300,,,0
2301,'Semaine-01',540,,1431,300,,,0,88,,1432,300,,,0,22,,1433,300,,,0,70,,1434,300,,,0,36,,1435,300,,,0
20001,'Fête-1-01',619,,1996,420,,,0,101,,1980,420,0,9 7 8,0,101,,1981,420,0,9 7 8,0,102,,1982,420,0,9 7 8,0,29,,1997,420,,,0,71,,1983,420,0,9 7 8,0,29,,1998,420,,,0,71,,1984,420,0,9 7 8,0,29,,1999,420,,,0,71,,1985,420,0,9 7 8,0,29,,2000,420,,,0,71,,1986,420,0,9 7 8,0,29,,2001,420,,,0,71,,1987,420,0,9 7 8,0,29,,2002,420,,,0,71,,1988,420,0,9 7 8,0,29,,2003,420,,,0,71,,1989,420,0,9 7 8,0,30,,1990,420,0,9 7 8,0,100,,1991,420,0,9 7 8,0,98,,1992,420,0,9 7 8,0,99,,1993,420,0,9 7 8,0,100,,1994,420,0,9 7 8,0,99,,1995,420,0,9 7 8,0,100,,2004,420,,,0,100,,2005,420,,,0,100,,2006,420,,,0
20001,'Fête-2-01',521,,2050,130,,,0,14,,2038,420,,,0,15,,2041,420,,,0,55,,2045,420,,,0,15,,2046,420,,,0,16,,2034,420,,,0,17,,2049,420,,,0,54,,2008,420,0,9 7 8,0,16,,2033,420,,,0,14,,2009,420,0,9 7 8,0,16,,2032,420,,,0,56,,2010,420,0,9 7 8,0,15,,2031,420,,,0,14,,2007,420,0,9 7 8,0,15,,2035,420,,,0,55,,2011,420,0,9 7 8,0,30,,2047,420,,,0,69,,2022,420,0,9 7 8,0,31,,2048,420,,,0,69,,2024,420,0,9 7 8,0,30,,2036,420,,,0,72,,2025,420,0,9 7 8,0,30,,2026,420,0,9 7 8,0,68,,2027,420,0,9 7 8,0,29,,2037,420,,,0,71,,2028,420,0,9 7 8,0,31,,2039,420,,,0,71,,2029,420,0,9 7 8,0,31,,2040,420,,,0,70,,2030,420,0,9 7 8,0,33,,2012,420,0,9 7 8,0,69,,2013,420,0,9 7 8,0,27,,2014,420,0,9 7 8,0,69,,2015,420,0,9 7 8,0,28,,2016,420,0,9 7 8,0,68,,2017,420,0,9 7 8,0,30,,2018,420,0,9 7 8,0,68,,2019,420,0,9 7 8,0,30,,2020,420,0,9 7 8,0,70,,2021,420,0,9 7 8,0,30,,2023,420,0,9 7 8,0,101,,2042,420,,,0,99,,2043,420,,,0,90,,2044,420,,,0
20001,'Semaine-01',521,,1664,130,,,0,14,,1644,420,,,0,15,,1650,420,,,0,55,,1659,420,,,0,15,,1660,420,,,0,19,,1640,420,,,0,14,,1663,420,,,0,54,,1614,420,0,9 7 8,0,16,,1639,420,,,0,14,,1615,420,0,9 7 8,0,16,,1638,420,,,0,56,,1616,420,0,9 7 8,0,8,,2051,420,,,0,7,,1637,420,,,0,13,,1613,420,0,9 7 8,0,16,,1641,420,,,0,57,,1617,420,0,9 7 8,0,28,,1661,420,,,0,69,,1628,420,0,9 7 8,0,31,,1662,420,,,0,69,,1630,420,0,9 7 8,0,30,,1642,420,,,0,16,,2056,420,,,0,56,,1631,420,0,9 7 8,0,30,,1632,420,0,9 7 8,0,13,,2055,420,,,0,55,,1633,420,0,9 7 8,0,29,,1643,420,,,0,71,,1634,420,0,9 7 8,0,31,,1647,420,,,0,20,,2053,420,,,0,51,,1635,420,0,9 7 8,0,16,,2052,420,,,0,15,,1648,420,,,0,15,,2057,420,,,0,55,,1636,420,0,9 7 8,0,17,,2063,420,,,0,16,,1618,420,0,9 7 8,0,16,,2058,420,,,0,53,,1619,420,0,9 7 8,0,12,,2059,420,,,0,14,,1620,420,0,9 7 8,0,16,,2060,420,,,0,54,,1621,420,0,9 7 8,0,14,,2061,420,,,0,9,,1622,420,0,9 7 8,0,11,,2054,420,,,0,7,,2062,420,,,0,55,,1623,420,0,9 7 8,0,30,,1624,420,0,9 7 8,0,68,,1625,420,0,9 7 8,0,30,,1626,420,0,9 7 8,0,70,,1627,420,0,9 7 8,0,30,,1629,420,0,9 7 8,0,101,,1656,420,,,0,99,,1657,420,,,0,90,,1658,420,,,0
20001,'Week-end-01',619,,1682,420,,,0,101,,1666,420,0,9 7 8,0,101,,1667,420,0,9 7 8,0,102,,1668,420,0,9 7 8,0,29,,1683,420,,,0,71,,1669,420,0,9 7 8,0,29,,1684,420,,,0,71,,1670,420,0,9 7 8,0,29,,1685,420,,,0,71,,1671,420,0,9 7 8,0,29,,1686,420,,,0,71,,1672,420,0,9 7 8,0,29,,1687,420,,,0,71,,1673,420,0,9 7 8,0,29,,1688,420,,,0,71,,1674,420,0,9 7 8,0,29,,1689,420,,,0,71,,1675,420,0,9 7 8,0,30,,1676,420,0,9 7 8,0,100,,1677,420,0,9 7 8,0,98,,1678,420,0,9 7 8,0,99,,1679,420,0,9 7 8,0,100,,1680,420,0,9 7 8,0,99,,1681,420,0,9 7 8,0,100,,1690,420,,,0,100,,1691,420,,,0,100,,1692,420,,,0
30001,'Fête-2-01',701,,2087,140,,,0,50,,2085,140,,,0,93,,2081,430,,,0,82,,2086,140,,,0,98,,2082,430,,,0,100,,2083,430,,,0,102,,2084,430,,,0
30001,'Semaine-01',701,,1732,140,,,0,50,,1730,140,,,0,93,,1726,430,,,0,82,,1731,140,,,0,98,,1727,430,,,0,100,,1728,430,,,0,102,,1729,430,,,0
2000002301,'Fête-2-01',1340,,2158,300,,,0
2000002301,'Semaine-01',1340,,1804,300,,,0
