2300,'Fête-2-01',1635,,1845,50,,,0,80,,1846,50,,,0,20,,1847,50,,,0,70,,1848,50,,,0,40,,1849,50,,,0
2300,'Semaine-01',1635,,1426,50,,,0,80,,1427,50,,,0,20,,1428,50,,,0,70,,1429,50,,,0,40,,1430,50,,,0
20000,'Fête-1-01',642,,1901,200,,,0,100,,1902,200,,,0,109,,1885,240,0,6 7 8,0,100,,1886,240,0,6 7 8,0,100,,1887,240,0,6 7 8,0,62,,1903,200,,,0,39,,1888,240,0,6 7 8,0,61,,1904,200,,,0,39,,1889,240,0,6 7 8,0,61,,1905,200,,,0,39,,1890,240,0,6 7 8,0,61,,1906,200,,,0,39,,1891,240,0,6 7 8,0,61,,1907,200,,,0,39,,1892,240,0,6 7 8,0,61,,1908,200,,,0,39,,1893,240,0,6 7 8,0,70,,1894,240,0,6 7 8,0,29,,1895,240,0,6 7 8,0,70,,1896,240,0,6 7 8,0,100,,1897,240,0,6 7 8,0,99,,1898,240,0,6 7 8,0,100,,1899,240,0,6 7 8,0,100,,1900,240,0,6 7 8,0,92,,1909,200,,,0,99,,1910,200,,,0,100,,1911,200,,,0,90,,1912,200,,,0
20000,'Fête-2-01',619,,1940,200,,,0,32,,1955,200,,,0,71,,1960,200,,,0,21,,1915,240,0,6 7 8,0,10,,1961,200,,,0,70,,1962,200,,,0,10,,1941,200,,,0,15,,1942,200,,,0,62,,1925,240,0,6 7 8,0,6,,1943,200,,,0,23,,1930,240,0,6 7 8,0,62,,1944,200,,,0,39,,1931,240,0,6 7 8,0,61,,1945,200,,,0,39,,1932,240,0,6 7 8,0,61,,1946,200,,,0,39,,1933,240,0,6 7 8,0,64,,1937,220,,,0,35,,1934,240,0,6 7 8,0,6,,1947,200,,,0,55,,1948,200,,,0,40,,1935,240,0,6 7 8,0,62,,1949,200,,,0,40,,1936,240,0,6 7 8,0,5,,1950,200,,,0,69,,1913,260,0,6 7 8,0,3,,1951,200,,,0,26,,1916,240,0,6 7 8,0,55,,1938,220,,,0,17,,1917,240,0,6 7 8,0,5,,1952,200,,,0,23,,1918,240,0,6 7 8,0,5,,1953,200,,,0,68,,1954,200,,,0,1,,1914,260,0,6 7 8,0,23,,1919,240,0,6 7 8,0,4,,1956,200,,,0,64,,1920,240,0,6 7 8,0,9,,1939,220,,,0,21,,1921,240,0,6 7 8,0,70,,1922,240,0,6 7 8,0,30,,1923,240,0,6 7 8,0,66,,1924,240,0,6 7 8,0,30,,1926,240,0,6 7 8,0,68,,1927,240,0,6 7 8,0,30,,1928,240,0,6 7 8,0,69,,1929,240,0,6 7 8,0,53,,1957,200,,,0,100,,1958,200,,,0,80,,1959,200,,,0
20000,'Semaine-01',619,,1526,200,,,0,17,,1977,200,,,0,10,,1967,200,,,0,5,,1544,200,,,0,5,,1965,200,,,0,3,,1979,160,0,6 7 8,0,43,,1966,200,,,0,5,,1549,200,,,0,5,,1978,200,,,0,10,,1551,200,,,0,21,,1500,240,0,6 7 8,0,10,,1552,200,,,0,55,,1553,200,,,0,15,,1554,200,,,0,10,,1972,200,,,0,10,,1494,200,,,0,10,,1973,200,,,0,57,,1510,240,0,6 7 8,0,6,,1974,200,,,0,23,,1516,240,0,6 7 8,0,62,,1530,200,,,0,19,,1963,240,0,6 7 8,0,10,,1969,240,0,6 7 8,0,10,,1517,240,0,6 7 8,0,61,,1531,200,,,0,39,,1518,240,0,6 7 8,0,61,,1532,200,,,0,39,,1519,240,0,6 7 8,0,6,,1975,200,,,0,58,,1523,220,,,0,35,,1520,240,0,6 7 8,0,6,,1976,200,,,0,55,,1537,200,,,0,40,,1521,240,0,6 7 8,0,62,,1538,200,,,0,15,,1964,200,,,0,25,,1522,240,0,6 7 8,0,5,,1539,200,,,0,67,,1970,200,,,0,5,,1540,200,,,0,0,,1498,260,0,6 7 8,0,21,,1501,240,0,6 7 8,0,5,,1534,200,,,0,66,,1502,240,0,6 7 8,0,1,,1524,220,,,0,5,,1968,200,,,0,5,,1541,200,,,0,23,,1503,240,0,6 7 8,0,5,,1542,200,,,0,68,,1543,200,,,0,1,,1499,260,0,6 7 8,0,23,,1504,240,0,6 7 8,0,4,,1545,200,,,0,64,,1505,240,0,6 7 8,0,9,,1525,220,,,0,21,,1506,240,0,6 7 8,0,70,,1507,240,0,6 7 8,0,30,,1508,240,0,6 7 8,0,66,,1509,240,0,6 7 8,0,30,,1511,240,0,6 7 8,0,15,,1971,240,0,6 7 8,0,53,,1513,240,0,6 7 8,0,30,,1514,240,0,6 7 8,0,69,,1515,240,0,6 7 8,0,53,,1546,200,,,0,100,,1547,200,,,0,80,,1548,200,,,0
20000,'Week-end-01',642,,1572,200,,,0,100,,1573,200,,,0,109,,1556,240,0,6 7 8,0,100,,1557,240,0,6 7 8,0,100,,1558,240,0,6 7 8,0,62,,1574,200,,,0,39,,1559,240,0,6 7 8,0,61,,1575,200,,,0,39,,1560,240,0,6 7 8,0,61,,1576,200,,,0,39,,1561,240,0,6 7 8,0,61,,1577,200,,,0,39,,1562,240,0,6 7 8,0,61,,1578,200,,,0,39,,1563,240,0,6 7 8,0,61,,1579,200,,,0,39,,1564,240,0,6 7 8,0,70,,1565,240,0,6 7 8,0,29,,1566,240,0,6 7 8,0,70,,1567,240,0,6 7 8,0,100,,1568,240,0,6 7 8,0,99,,1569,240,0,6 7 8,0,100,,1570,240,0,6 7 8,0,100,,1571,240,0,6 7 8,0,92,,1580,200,,,0,99,,1581,200,,,0,100,,1582,200,,,0,90,,1583,200,,,0
30000,'Fête-2-01',1426,,2075,160,,,0,85,,2076,160,,,0,95,,2078,160,0,5,0,107,,2079,160,,,0,98,,2074,160,0,5,0,100,,2080,160,,,0,45,,2077,160,0,5,0
30000,'Semaine-01',1426,,1716,160,,,0,85,,1717,160,,,0,95,,1719,160,0,5,0,107,,1720,160,,,0,98,,1713,160,0,5,0,100,,1721,160,0,5,0,45,,1718,160,0,5,0
2000002300,'Fête-2-01',1313,,2157,50,,,0
2000002300,'Semaine-01',1313,,1803,50,,,0
