21,2100,'Fête-2-01',1835,1836,1837,1838,1839
21,2100,'Semaine-01',1416,1417,1418,1419,1420
21,2101,'Fête-2-01',1840,1841,1842,1843,1844
21,2101,'Semaine-01',1421,1422,1423,1424,1425
23,2300,'Fête-2-01',1845,1846,1847,1848,1849
23,2300,'Semaine-01',1426,1427,1428,1429,1430
23,2301,'Fête-2-01',1850,1851,1852,1853,1854
23,2301,'Semaine-01',1431,1432,1433,1434,1435
24,2400,'Fête-2-01',1855,1856,1857,1858,1859
24,2400,'Semaine-01',1436,1437,1438,1439,1440
24,2401,'Fête-2-01',1860,1861,1862,1863,1864
24,2401,'Semaine-01',1441,1442,1443,1444,1445
25,2500,'Fête-2-01',1865,1866,1867,1868,1869
25,2500,'Semaine-01',1446,1447,1448,1449,1450
25,2501,'Fête-2-01',1870,1871,1872,1873,1874
25,2501,'Semaine-01',1451,1452,1453,1454,1455
26,2600,'Fête-2-01',1875,1876,1877,1878,1879
26,2600,'Semaine-01',1456,1457,1458,1459,1460
26,2601,'Fête-2-01',1880,1881,1882,1883,1884
26,2601,'Semaine-01',1461,1462,1463,1464,1465
200,20000,'Fête-1-01',1885,1886,1887,1888,1889,1890,1891,1892,1893,1894,1895,1896,1897,1898,1899,1900,1901,1902,1903,1904,1905,1906,1907,1908,1909,1910,1911,1912
200,20000,'Fête-2-01',1913,1914,1915,1916,1917,1918,1919,1920,1921,1922,1923,1924,1925,1926,1927,1928,1929,1930,1931,1932,1933,1934,1935,1936,1937,1938,1939,1940,1941,1942,1943,1944,1945,1946,1947,1948,1949,1950,1951,1952,1953,1954,1955,1956,1957,1958,1959,1960,1961,1962
200,20000,'Semaine-01',1494,1963,1964,1965,1966,1967,1968,1969,1970,1498,1499,1500,1501,1502,1503,1504,1505,1506,1507,1508,1509,1510,1511,1971,1513,1514,1515,1516,1517,1518,1519,1520,1521,1522,1523,1524,1525,1526,1972,1973,1974,1530,1531,1532,1975,1534,1976,1977,1537,1538,1539,1540,1541,1542,1543,1544,1545,1546,1547,1548,1549,1978,1551,1552,1553,1554,1979
200,20000,'Week-end-01',1556,1557,1558,1559,1560,1561,1562,1563,1564,1565,1566,1567,1568,1569,1570,1571,1572,1573,1574,1575,1576,1577,1578,1579,1580,1581,1582,1583
200,20001,'Fête-1-01',1980,1981,1982,1983,1984,1985,1986,1987,1988,1989,1990,1991,1992,1993,1994,1995,1996,1997,1998,1999,2000,2001,2002,2003,2004,2005,2006
200,20001,'Fête-2-01',2007,2008,2009,2010,2011,2012,2013,2014,2015,2016,2017,2018,2019,2020,2021,2022,2023,2024,2025,2026,2027,2028,2029,2030,2031,2032,2033,2034,2035,2036,2037,2038,2039,2040,2041,2042,2043,2044,2045,2046,2047,2048,2049,2050
200,20001,'Semaine-01',2051,2052,2053,2054,1613,1614,1615,1616,1617,1618,1619,1620,1621,1622,1623,1624,1625,1626,1627,1628,1629,1630,1631,1632,1633,1634,1635,1636,1637,1638,1639,1640,1641,1642,1643,1644,2055,2056,1647,1648,2057,1650,2058,2059,2060,2061,2062,1656,1657,1658,1659,1660,1661,1662,1663,1664,2063
200,20001,'Week-end-01',1666,1667,1668,1669,1670,1671,1672,1673,1674,1675,1676,1677,1678,1679,1680,1681,1682,1683,1684,1685,1686,1687,1688,1689,1690,1691,1692
201,20100,'Semaine-01',2064,2065,1694,1695,1696,2066,2067,2068,2069,1701
201,20101,'Semaine-01',1702,1703,1704,1705,1706,2070,2071,2072,2073
300,30000,'Fête-2-01',2074,2075,2076,2077,2078,2079,2080
300,30000,'Semaine-01',1713,1716,1717,1718,1719,1720,1721
300,30001,'Fête-2-01',2081,2082,2083,2084,2085,2086,2087
300,30001,'Semaine-01',1726,1727,1728,1729,1730,1731,1732
520,52000,'Fête-2-01',2088,2089,2090,2091,2092,2093,2094,2095,2096,2097,2098,2099,2100,2101,2102,2103,2104,2105,2106,2107,2108,2109,2110,2111,2112,2113,2114,2115,2116
520,52000,'Semaine-01',1734,1735,1736,1737,1738,1739,1740,1741,1742,1743,1744,1745,1746,1747,1748,1749,1750,1751,1752,1753,1754,1755,1756,1757,1758,1759,1760,1761,1762
520,52001,'Fête-2-01',2117,2118,2119,2120,2121,2122,2123,2124,2125,2126,2127,2128,2129,2130,2131,2132,2133,2134,2135,2136,2137,2138,2139,2140,2141,2142,2143,2144,2145,2146
520,52001,'Semaine-01',1763,1764,1765,1766,1767,1768,1769,1770,1771,1772,1773,1774,1775,1776,1777,1778,1779,1780,1781,1782,1783,1784,1785,1786,1787,1788,1789,1790,1791,1792
20020,2002000,'Fête-2-01',2147,2148,2149,2150,2151
20020,2002000,'Semaine-01',1793,1794,1795,1796,1797
20020,2002001,'Fête-2-01',2152,2153,2154,2155,2156
20020,2002001,'Semaine-01',1798,1799,1800,1801,1802
20000023,2000002300,'Fête-2-01',2157
20000023,2000002300,'Semaine-01',1803
20000023,2000002301,'Fête-2-01',2158
20000023,2000002301,'Semaine-01',1804
20000024,2000002400,'Fête-2-01',2159
20000024,2000002400,'Semaine-01',1805
20000024,2000002401,'Fête-2-01',2160
20000024,2000002401,'Semaine-01',1806
20000026,2000002600,'Fête-2-01',2161
20000026,2000002600,'Semaine-01',1807
20000026,2000002601,'Fête-2-01',2162
20000026,2000002601,'Semaine-01',1808
20000030,2000003000,'Fête-2-01',2163,2164,2165,2166,2167,2168,2169,2170,2171,2172,2173,2174,2175
20000030,2000003000,'Semaine-01',1809,1810,1811,1812,1813,1814,1815,1816,1817,1818,1819,1820,1821
20000030,2000003001,'Fête-2-01',2176,2177,2178,2179,2180,2181,2182,2183,2184,2185,2186,2187,2188
20000030,2000003001,'Semaine-01',1822,1823,1824,1825,1826,1827,1828,1829,1830,1831,1832,1833,1834
