2300,'Fête-2-01',1633,,1845,20,,,0,80,,1846,20,,,0,20,,1847,20,,,0,70,,1848,20,,,0,40,,1849,20,,,0
2300,'Semaine-01',1633,,1426,20,,,0,80,,1427,20,,,0,20,,1428,20,,,0,70,,1429,20,,,0,40,,1430,20,,,0
20000,'Fête-1-01',640,,1901,170,,,0,100,,1902,170,,,0,109,,1885,210,0,6 7 8,0,100,,1886,210,0,6 7 8,0,100,,1887,210,0,6 7 8,0,62,,1903,170,,,0,39,,1888,210,0,6 7 8,0,61,,1904,170,,,0,39,,1889,210,0,6 7 8,0,61,,1905,170,,,0,39,,1890,210,0,6 7 8,0,61,,1906,170,,,0,39,,1891,210,0,6 7 8,0,61,,1907,170,,,0,39,,1892,210,0,6 7 8,0,61,,1908,170,,,0,39,,1893,210,0,6 7 8,0,70,,1894,210,0,6 7 8,0,29,,1895,210,0,6 7 8,0,70,,1896,210,0,6 7 8,0,100,,1897,210,0,6 7 8,0,99,,1898,210,0,6 7 8,0,100,,1899,210,0,6 7 8,0,100,,1900,210,0,6 7 8,0,92,,1909,170,,,0,99,,1910,170,,,0,100,,1911,170,,,0,50,,1912,170,,,0
20000,'Fête-2-01',616,,1940,170,,,0,32,,1955,170,,,0,71,,1960,170,,,0,22,,1915,210,0,6 7 8,0,9,,1961,170,,,0,70,,1962,170,,,0,10,,1941,170,,,0,15,,1942,170,,,0,63,,1925,210,0,6 7 8,0,5,,1943,170,,,0,24,,1930,210,0,6 7 8,0,21,,1944,170,,,0,80,,1931,210,0,6 7 8,0,20,,1945,170,,,0,80,,1932,210,0,6 7 8,0,20,,1946,170,,,0,80,,1933,210,0,6 7 8,0,63,,1937,190,,,0,36,,1934,210,0,6 7 8,0,5,,1947,170,,,0,15,,1948,170,,,0,81,,1935,210,0,6 7 8,0,21,,1949,170,,,0,81,,1936,210,0,6 7 8,0,4,,1950,170,,,0,70,,1913,230,0,6 7 8,0,2,,1951,170,,,0,26,,1916,210,0,6 7 8,0,14,,1938,190,,,0,57,,1917,210,0,6 7 8,0,6,,1952,170,,,0,24,,1918,210,0,6 7 8,0,4,,1953,170,,,0,68,,1954,170,,,0,2,,1914,230,0,6 7 8,0,23,,1919,210,0,6 7 8,0,3,,1956,170,,,0,65,,1920,210,0,6 7 8,0,8,,1939,190,,,0,22,,1921,210,0,6 7 8,0,70,,1922,210,0,6 7 8,0,30,,1923,210,0,6 7 8,0,66,,1924,210,0,6 7 8,0,30,,1926,210,0,6 7 8,0,68,,1927,210,0,6 7 8,0,30,,1928,210,0,6 7 8,0,69,,1929,210,0,6 7 8,0,53,,1957,170,,,0,100,,1958,170,,,0,80,,1959,170,,,0
20000,'Semaine-01',616,,1526,170,,,0,17,,1977,170,,,0,10,,1967,170,,,0,5,,1544,170,,,0,5,,1965,170,,,0,4,,1979,130,0,6 7 8,0,2,,1966,170,,,0,45,,1549,170,,,0,5,,1978,170,,,0,10,,1551,170,,,0,22,,1500,210,0,6 7 8,0,9,,1552,170,,,0,55,,1553,170,,,0,15,,1554,170,,,0,10,,1972,170,,,0,10,,1494,170,,,0,10,,1973,170,,,0,58,,1510,210,0,6 7 8,0,5,,1974,170,,,0,24,,1516,210,0,6 7 8,0,21,,1530,170,,,0,60,,1963,210,0,6 7 8,0,10,,1969,210,0,6 7 8,0,10,,1517,210,0,6 7 8,0,20,,1531,170,,,0,80,,1518,210,0,6 7 8,0,20,,1532,170,,,0,80,,1519,210,0,6 7 8,0,5,,1975,170,,,0,58,,1523,190,,,0,36,,1520,210,0,6 7 8,0,5,,1976,170,,,0,15,,1537,170,,,0,81,,1521,210,0,6 7 8,0,21,,1538,170,,,0,55,,1964,170,,,0,26,,1522,210,0,6 7 8,0,4,,1539,170,,,0,67,,1970,170,,,0,5,,1540,170,,,0,1,,1498,230,0,6 7 8,0,20,,1501,210,0,6 7 8,0,5,,1534,170,,,0,66,,1524,190,,,0,6,,1968,170,,,0,5,,1541,170,,,0,24,,1503,210,0,6 7 8,0,4,,1542,170,,,0,68,,1543,170,,,0,2,,1499,230,0,6 7 8,0,23,,1504,210,0,6 7 8,0,3,,1545,170,,,0,65,,1505,210,0,6 7 8,0,8,,1525,190,,,0,22,,1506,210,0,6 7 8,0,70,,1507,210,0,6 7 8,0,30,,1508,210,0,6 7 8,0,66,,1509,210,0,6 7 8,0,30,,1511,210,0,6 7 8,0,15,,1971,210,0,6 7 8,0,53,,1513,210,0,6 7 8,0,30,,1514,210,0,6 7 8,0,69,,1515,210,0,6 7 8,0,53,,1546,170,,,0,100,,1547,170,,,0,80,,1548,170,,,0
20000,'Week-end-01',640,,1572,170,,,0,100,,1573,170,,,0,109,,1556,210,0,6 7 8,0,100,,1557,210,0,6 7 8,0,100,,1558,210,0,6 7 8,0,62,,1574,170,,,0,39,,1559,210,0,6 7 8,0,61,,1575,170,,,0,39,,1560,210,0,6 7 8,0,61,,1576,170,,,0,39,,1561,210,0,6 7 8,0,61,,1577,170,,,0,39,,1562,210,0,6 7 8,0,61,,1578,170,,,0,39,,1563,210,0,6 7 8,0,61,,1579,170,,,0,39,,1564,210,0,6 7 8,0,70,,1565,210,0,6 7 8,0,29,,1566,210,0,6 7 8,0,70,,1567,210,0,6 7 8,0,100,,1568,210,0,6 7 8,0,99,,1569,210,0,6 7 8,0,100,,1570,210,0,6 7 8,0,100,,1571,210,0,6 7 8,0,92,,1580,170,,,0,99,,1581,170,,,0,100,,1582,170,,,0,50,,1583,170,,,0
30000,'Fête-2-01',1424,,2075,130,,,0,85,,2076,130,,,0,95,,2078,130,0,5,0,107,,2079,130,,,0,98,,2074,130,0,5,0,100,,2080,130,,,0,45,,2077,130,0,5,0
30000,'Semaine-01',1424,,1716,130,,,0,85,,1717,130,,,0,95,,1719,130,0,5,0,107,,1720,130,,,0,98,,1713,130,0,5,0,100,,1721,130,0,5,0,45,,1718,130,0,5,0
2002000,'Fête-2-01',1633,,2147,20,,,0,80,,2148,20,,,0,20,,2149,20,,,0,70,,2150,20,,,0,40,,2151,20,,,0
2002000,'Semaine-01',1633,,1793,20,,,0,80,,1794,20,,,0,20,,1795,20,,,0,70,,1796,20,,,0,40,,1797,20,,,0
2000002300,'Fête-2-01',1312,,2157,20,,,0
2000002300,'Semaine-01',1312,,1803,20,,,0
