2300,'Fête-2-01',1634,,1845,40,,,0,80,,1846,40,,,0,20,,1847,40,,,0,70,,1848,40,,,0,40,,1849,40,,,0
2300,'Semaine-01',1634,,1426,40,,,0,80,,1427,40,,,0,20,,1428,40,,,0,70,,1429,40,,,0,40,,1430,40,,,0
20000,'Fête-1-01',641,,1901,190,,,0,100,,1902,190,,,0,109,,1885,230,0,6 7 8,0,100,,1886,230,0,6 7 8,0,100,,1887,230,0,6 7 8,0,62,,1903,190,,,0,39,,1888,230,0,6 7 8,0,61,,1904,190,,,0,39,,1889,230,0,6 7 8,0,61,,1905,190,,,0,39,,1890,230,0,6 7 8,0,61,,1906,190,,,0,39,,1891,230,0,6 7 8,0,61,,1907,190,,,0,39,,1892,230,0,6 7 8,0,61,,1908,190,,,0,39,,1893,230,0,6 7 8,0,70,,1894,230,0,6 7 8,0,29,,1895,230,0,6 7 8,0,70,,1896,230,0,6 7 8,0,100,,1897,230,0,6 7 8,0,99,,1898,230,0,6 7 8,0,100,,1899,230,0,6 7 8,0,100,,1900,230,0,6 7 8,0,92,,1909,190,,,0,99,,1910,190,,,0,100,,1911,190,,,0,90,,1912,190,,,0
20000,'Fête-2-01',618,,1940,190,,,0,32,,1955,190,,,0,71,,1960,190,,,0,21,,1915,230,0,6 7 8,0,10,,1961,190,,,0,70,,1962,190,,,0,10,,1941,190,,,0,15,,1942,190,,,0,62,,1925,230,0,6 7 8,0,6,,1943,190,,,0,23,,1930,230,0,6 7 8,0,62,,1944,190,,,0,39,,1931,230,0,6 7 8,0,61,,1945,190,,,0,39,,1932,230,0,6 7 8,0,61,,1946,190,,,0,39,,1933,230,0,6 7 8,0,64,,1937,210,,,0,35,,1934,230,0,6 7 8,0,6,,1947,190,,,0,15,,1948,190,,,0,80,,1935,230,0,6 7 8,0,62,,1949,190,,,0,40,,1936,230,0,6 7 8,0,5,,1950,190,,,0,69,,1913,250,0,6 7 8,0,3,,1951,190,,,0,26,,1916,230,0,6 7 8,0,14,,1938,210,,,0,57,,1917,230,0,6 7 8,0,6,,1952,190,,,0,23,,1918,230,0,6 7 8,0,5,,1953,190,,,0,68,,1954,190,,,0,1,,1914,250,0,6 7 8,0,23,,1919,230,0,6 7 8,0,4,,1956,190,,,0,64,,1920,230,0,6 7 8,0,9,,1939,210,,,0,21,,1921,230,0,6 7 8,0,70,,1922,230,0,6 7 8,0,30,,1923,230,0,6 7 8,0,66,,1924,230,0,6 7 8,0,30,,1926,230,0,6 7 8,0,68,,1927,230,0,6 7 8,0,30,,1928,230,0,6 7 8,0,69,,1929,230,0,6 7 8,0,53,,1957,190,,,0,100,,1958,190,,,0,80,,1959,190,,,0
20000,'Semaine-01',618,,1526,190,,,0,17,,1977,190,,,0,10,,1967,190,,,0,5,,1544,190,,,0,5,,1965,190,,,0,3,,1979,150,0,6 7 8,0,43,,1966,190,,,0,5,,1549,190,,,0,5,,1978,190,,,0,10,,1551,190,,,0,21,,1500,230,0,6 7 8,0,10,,1552,190,,,0,55,,1553,190,,,0,15,,1554,190,,,0,10,,1972,190,,,0,10,,1494,190,,,0,10,,1973,190,,,0,57,,1510,230,0,6 7 8,0,6,,1974,190,,,0,23,,1516,230,0,6 7 8,0,62,,1530,190,,,0,19,,1963,230,0,6 7 8,0,10,,1969,230,0,6 7 8,0,10,,1517,230,0,6 7 8,0,61,,1531,190,,,0,39,,1518,230,0,6 7 8,0,61,,1532,190,,,0,39,,1519,230,0,6 7 8,0,6,,1975,190,,,0,58,,1523,210,,,0,35,,1520,230,0,6 7 8,0,6,,1976,190,,,0,15,,1537,190,,,0,80,,1521,230,0,6 7 8,0,62,,1538,190,,,0,15,,1964,190,,,0,25,,1522,230,0,6 7 8,0,5,,1539,190,,,0,67,,1970,190,,,0,5,,1540,190,,,0,0,,1498,250,0,6 7 8,0,21,,1501,230,0,6 7 8,0,5,,1534,190,,,0,66,,1502,230,0,6 7 8,0,0,,1524,210,,,0,6,,1968,190,,,0,5,,1541,190,,,0,23,,1503,230,0,6 7 8,0,5,,1542,190,,,0,68,,1543,190,,,0,1,,1499,250,0,6 7 8,0,23,,1504,230,0,6 7 8,0,4,,1545,190,,,0,64,,1505,230,0,6 7 8,0,9,,1525,210,,,0,21,,1506,230,0,6 7 8,0,70,,1507,230,0,6 7 8,0,30,,1508,230,0,6 7 8,0,66,,1509,230,0,6 7 8,0,30,,1511,230,0,6 7 8,0,15,,1971,230,0,6 7 8,0,53,,1513,230,0,6 7 8,0,30,,1514,230,0,6 7 8,0,69,,1515,230,0,6 7 8,0,53,,1546,190,,,0,100,,1547,190,,,0,80,,1548,190,,,0
20000,'Week-end-01',641,,1572,190,,,0,100,,1573,190,,,0,109,,1556,230,0,6 7 8,0,100,,1557,230,0,6 7 8,0,100,,1558,230,0,6 7 8,0,62,,1574,190,,,0,39,,1559,230,0,6 7 8,0,61,,1575,190,,,0,39,,1560,230,0,6 7 8,0,61,,1576,190,,,0,39,,1561,230,0,6 7 8,0,61,,1577,190,,,0,39,,1562,230,0,6 7 8,0,61,,1578,190,,,0,39,,1563,230,0,6 7 8,0,61,,1579,190,,,0,39,,1564,230,0,6 7 8,0,70,,1565,230,0,6 7 8,0,29,,1566,230,0,6 7 8,0,70,,1567,230,0,6 7 8,0,100,,1568,230,0,6 7 8,0,99,,1569,230,0,6 7 8,0,100,,1570,230,0,6 7 8,0,100,,1571,230,0,6 7 8,0,92,,1580,190,,,0,99,,1581,190,,,0,100,,1582,190,,,0,90,,1583,190,,,0
30000,'Fête-2-01',1425,,2075,150,,,0,85,,2076,150,,,0,95,,2078,150,0,5,0,107,,2079,150,,,0,98,,2074,150,0,5,0,100,,2080,150,,,0,45,,2077,150,0,5,0
30000,'Semaine-01',1425,,1716,150,,,0,85,,1717,150,,,0,95,,1719,150,0,5,0,107,,1720,150,,,0,98,,1713,150,0,5,0,100,,1721,150,0,5,0,45,,1718,150,0,5,0
2000002300,'Fête-2-01',1313,,2157,40,,,0
2000002300,'Semaine-01',1313,,1803,40,,,0
