2300,'Fête-2-01',1638,,1845,90,,,0,80,,1846,90,,,0,19,,1847,90,,,0,70,,1848,90,,,0,40,,1849,90,,,0
2300,'Semaine-01',1638,,1426,90,,,0,80,,1427,90,,,0,19,,1428,90,,,0,70,,1429,90,,,0,40,,1430,90,,,0
20000,'Fête-1-01',644,,1901,250,,,0,100,,1902,250,,,0,109,,1885,290,0,6 7 8,0,100,,1886,290,0,6 7 8,0,100,,1887,290,0,6 7 8,0,62,,1903,250,,,0,39,,1888,290,0,6 7 8,0,61,,1904,250,,,0,39,,1889,290,0,6 7 8,0,61,,1905,250,,,0,39,,1890,290,0,6 7 8,0,61,,1906,250,,,0,39,,1891,290,0,6 7 8,0,61,,1907,250,,,0,39,,1892,290,0,6 7 8,0,61,,1908,250,,,0,39,,1893,290,0,6 7 8,0,70,,1894,290,0,6 7 8,0,29,,1895,290,0,6 7 8,0,70,,1896,290,0,6 7 8,0,100,,1897,290,0,6 7 8,0,99,,1898,290,0,6 7 8,0,100,,1899,290,0,6 7 8,0,100,,1900,290,0,6 7 8,0,92,,1909,250,,,0,99,,1910,250,,,0,100,,1911,250,,,0,90,,1912,250,,,0
20000,'Fête-2-01',621,,1940,250,,,0,32,,1955,250,,,0,71,,1960,250,,,0,21,,1915,290,0,6 7 8,0,10,,1961,250,,,0,70,,1962,250,,,0,10,,1941,250,,,0,15,,1942,250,,,0,62,,1925,290,0,6 7 8,0,7,,1943,250,,,0,22,,1930,290,0,6 7 8,0,63,,1944,250,,,0,38,,1931,290,0,6 7 8,0,61,,1945,250,,,0,39,,1932,290,0,6 7 8,0,61,,1946,250,,,0,39,,1933,290,0,6 7 8,0,65,,1937,270,,,0,34,,1934,290,0,6 7 8,0,7,,1947,250,,,0,55,,1948,250,,,0,40,,1935,290,0,6 7 8,0,62,,1949,250,,,0,40,,1936,290,0,6 7 8,0,4,,1950,250,,,0,70,,1913,310,0,6 7 8,0,3,,1951,250,,,0,26,,1916,290,0,6 7 8,0,55,,1938,270,,,0,16,,1917,290,0,6 7 8,0,6,,1952,250,,,0,22,,1918,290,0,6 7 8,0,5,,1953,250,,,0,68,,1954,250,,,0,2,,1914,310,0,6 7 8,0,23,,1919,290,0,6 7 8,0,3,,1956,250,,,0,65,,1920,290,0,6 7 8,0,8,,1939,270,,,0,22,,1921,290,0,6 7 8,0,70,,1922,290,0,6 7 8,0,30,,1923,290,0,6 7 8,0,66,,1924,290,0,6 7 8,0,30,,1926,290,0,6 7 8,0,67,,1927,290,0,6 7 8,0,30,,1928,290,0,6 7 8,0,69,,1929,290,0,6 7 8,0,53,,1957,250,,,0,100,,1958,250,,,0,80,,1959,250,,,0
20000,'Semaine-01',621,,1526,250,,,0,17,,1977,250,,,0,10,,1967,250,,,0,5,,1544,250,,,0,5,,1965,250,,,0,44,,1979,210,0,6 7 8,0,2,,1966,250,,,0,5,,1549,250,,,0,5,,1978,250,,,0,10,,1551,250,,,0,21,,1500,290,0,6 7 8,0,10,,1552,250,,,0,55,,1553,250,,,0,15,,1554,250,,,0,10,,1972,250,,,0,10,,1494,250,,,0,10,,1973,250,,,0,57,,1510,290,0,6 7 8,0,7,,1974,250,,,0,22,,1516,290,0,6 7 8,0,63,,1530,250,,,0,18,,1963,290,0,6 7 8,0,10,,1969,290,0,6 7 8,0,10,,1517,290,0,6 7 8,0,61,,1531,250,,,0,39,,1518,290,0,6 7 8,0,61,,1532,250,,,0,39,,1519,290,0,6 7 8,0,6,,1975,250,,,0,59,,1523,270,,,0,34,,1520,290,0,6 7 8,0,7,,1976,250,,,0,55,,1537,250,,,0,40,,1521,290,0,6 7 8,0,62,,1538,250,,,0,15,,1964,250,,,0,25,,1522,290,0,6 7 8,0,4,,1539,250,,,0,68,,1970,250,,,0,5,,1540,250,,,0,0,,1498,310,0,6 7 8,0,21,,1501,290,0,6 7 8,0,5,,1534,250,,,0,66,,1502,290,0,6 7 8,0,1,,1524,270,,,0,5,,1968,250,,,0,5,,1541,250,,,0,22,,1503,290,0,6 7 8,0,5,,1542,250,,,0,68,,1543,250,,,0,2,,1499,310,0,6 7 8,0,23,,1504,290,0,6 7 8,0,3,,1545,250,,,0,65,,1505,290,0,6 7 8,0,8,,1525,270,,,0,22,,1506,290,0,6 7 8,0,70,,1507,290,0,6 7 8,0,30,,1508,290,0,6 7 8,0,66,,1509,290,0,6 7 8,0,30,,1511,290,0,6 7 8,0,14,,1971,290,0,6 7 8,0,53,,1513,290,0,6 7 8,0,30,,1514,290,0,6 7 8,0,69,,1515,290,0,6 7 8,0,53,,1546,250,,,0,100,,1547,250,,,0,80,,1548,250,,,0
20000,'Week-end-01',644,,1572,250,,,0,100,,1573,250,,,0,109,,1556,290,0,6 7 8,0,100,,1557,290,0,6 7 8,0,100,,1558,290,0,6 7 8,0,62,,1574,250,,,0,39,,1559,290,0,6 7 8,0,61,,1575,250,,,0,39,,1560,290,0,6 7 8,0,61,,1576,250,,,0,39,,1561,290,0,6 7 8,0,61,,1577,250,,,0,39,,1562,290,0,6 7 8,0,61,,1578,250,,,0,39,,1563,290,0,6 7 8,0,61,,1579,250,,,0,39,,1564,290,0,6 7 8,0,70,,1565,290,0,6 7 8,0,29,,1566,290,0,6 7 8,0,70,,1567,290,0,6 7 8,0,100,,1568,290,0,6 7 8,0,99,,1569,290,0,6 7 8,0,100,,1570,290,0,6 7 8,0,100,,1571,290,0,6 7 8,0,92,,1580,250,,,0,99,,1581,250,,,0,100,,1582,250,,,0,90,,1583,250,,,0
20100,'Semaine-01',1600,,2067,110,4,,0,36,,2064,110,4,,0,15,,1694,110,4,,0,5,,2065,110,4,,0,55,,2068,110,4,,0,19,,1701,110,4,,0,20,,2069,110,4,,0,5,,1695,110,4,,0,65,,1696,110,4,,0,30,,2066,110,4,,0
30000,'Fête-2-01',1428,,2075,210,,,0,85,,2076,210,,,0,95,,2078,210,0,5,0,107,,2079,210,,,0,98,,2074,210,0,5,0,100,,2080,210,,,0,45,,2077,210,0,5,0
30000,'Semaine-01',1428,,1716,210,,,0,85,,1717,210,,,0,95,,1719,210,0,5,0,107,,1720,210,,,0,98,,1713,210,0,5,0,100,,1721,210,0,5,0,45,,1718,210,0,5,0
2000002300,'Fête-2-01',1315,,2157,90,,,0
2000002300,'Semaine-01',1315,,1803,90,,,0
