2300,'Fête-2-01',1641,,1845,100,,,0,80,,1846,100,,,0,18,,1847,100,,,0,70,,1848,100,,,0,40,,1849,100,,,0
2300,'Semaine-01',1641,,1426,100,,,0,80,,1427,100,,,0,18,,1428,100,,,0,70,,1429,100,,,0,40,,1430,100,,,0
20000,'Fête-1-01',646,,1901,260,,,0,100,,1902,260,,,0,109,,1885,300,0,6 7 8,0,100,,1886,300,0,6 7 8,0,100,,1887,300,0,6 7 8,0,62,,1903,260,,,0,39,,1888,300,0,6 7 8,0,61,,1904,260,,,0,39,,1889,300,0,6 7 8,0,61,,1905,260,,,0,39,,1890,300,0,6 7 8,0,61,,1906,260,,,0,39,,1891,300,0,6 7 8,0,61,,1907,260,,,0,39,,1892,300,0,6 7 8,0,61,,1908,260,,,0,39,,1893,300,0,6 7 8,0,70,,1894,300,0,6 7 8,0,29,,1895,300,0,6 7 8,0,70,,1896,300,0,6 7 8,0,100,,1897,300,0,6 7 8,0,99,,1898,300,0,6 7 8,0,100,,1899,300,0,6 7 8,0,100,,1900,300,0,6 7 8,0,92,,1909,260,,,0,99,,1910,260,,,0,100,,1911,260,,,0,90,,1912,260,,,0
20000,'Fête-2-01',623,,1940,260,,,0,32,,1955,260,,,0,71,,1960,260,,,0,21,,1915,300,0,6 7 8,0,10,,1961,260,,,0,70,,1962,260,,,0,10,,1941,260,,,0,15,,1942,260,,,0,62,,1925,300,0,6 7 8,0,7,,1943,260,,,0,22,,1930,300,0,6 7 8,0,63,,1944,260,,,0,38,,1931,300,0,6 7 8,0,61,,1945,260,,,0,39,,1932,300,0,6 7 8,0,61,,1946,260,,,0,39,,1933,300,0,6 7 8,0,65,,1937,280,,,0,34,,1934,300,0,6 7 8,0,8,,1947,260,,,0,55,,1948,260,,,0,39,,1935,300,0,6 7 8,0,62,,1949,260,,,0,40,,1936,300,0,6 7 8,0,4,,1950,260,,,0,71,,1913,320,0,6 7 8,0,2,,1951,260,,,0,26,,1916,300,0,6 7 8,0,56,,1938,280,,,0,15,,1917,300,0,6 7 8,0,6,,1952,260,,,0,22,,1918,300,0,6 7 8,0,5,,1953,260,,,0,68,,1954,260,,,0,2,,1914,320,0,6 7 8,0,23,,1919,300,0,6 7 8,0,3,,1956,260,,,0,65,,1920,300,0,6 7 8,0,8,,1939,280,,,0,22,,1921,300,0,6 7 8,0,70,,1922,300,0,6 7 8,0,30,,1923,300,0,6 7 8,0,66,,1924,300,0,6 7 8,0,30,,1926,300,0,6 7 8,0,67,,1927,300,0,6 7 8,0,30,,1928,300,0,6 7 8,0,69,,1929,300,0,6 7 8,0,52,,1957,260,,,0,100,,1958,260,,,0,80,,1959,260,,,0
20000,'Semaine-01',623,,1526,260,,,0,17,,1977,260,,,0,10,,1967,260,,,0,5,,1544,260,,,0,45,,1965,260,,,0,4,,1979,220,0,6 7 8,0,2,,1966,260,,,0,5,,1549,260,,,0,5,,1978,260,,,0,10,,1551,260,,,0,21,,1500,300,0,6 7 8,0,10,,1552,260,,,0,55,,1553,260,,,0,15,,1554,260,,,0,10,,1972,260,,,0,10,,1494,260,,,0,10,,1973,260,,,0,57,,1510,300,0,6 7 8,0,7,,1974,260,,,0,22,,1516,300,0,6 7 8,0,63,,1530,260,,,0,18,,1963,300,0,6 7 8,0,10,,1969,300,0,6 7 8,0,10,,1517,300,0,6 7 8,0,61,,1531,260,,,0,39,,1518,300,0,6 7 8,0,61,,1532,260,,,0,39,,1519,300,0,6 7 8,0,6,,1975,260,,,0,59,,1523,280,,,0,34,,1520,300,0,6 7 8,0,8,,1976,260,,,0,55,,1537,260,,,0,39,,1521,300,0,6 7 8,0,62,,1538,260,,,0,15,,1964,260,,,0,25,,1522,300,0,6 7 8,0,4,,1539,260,,,0,68,,1970,260,,,0,5,,1540,260,,,0,1,,1498,320,0,6 7 8,0,20,,1501,300,0,6 7 8,0,5,,1534,260,,,0,66,,1502,300,0,6 7 8,0,2,,1524,280,,,0,4,,1968,260,,,0,5,,1541,260,,,0,22,,1503,300,0,6 7 8,0,5,,1542,260,,,0,68,,1543,260,,,0,2,,1499,320,0,6 7 8,0,23,,1504,300,0,6 7 8,0,3,,1545,260,,,0,65,,1505,300,0,6 7 8,0,8,,1525,280,,,0,22,,1506,300,0,6 7 8,0,70,,1507,300,0,6 7 8,0,30,,1508,300,0,6 7 8,0,66,,1509,300,0,6 7 8,0,30,,1511,300,0,6 7 8,0,14,,1971,300,0,6 7 8,0,53,,1513,300,0,6 7 8,0,30,,1514,300,0,6 7 8,0,69,,1515,300,0,6 7 8,0,52,,1546,260,,,0,100,,1547,260,,,0,80,,1548,260,,,0
20000,'Week-end-01',646,,1572,260,,,0,100,,1573,260,,,0,109,,1556,300,0,6 7 8,0,100,,1557,300,0,6 7 8,0,100,,1558,300,0,6 7 8,0,62,,1574,260,,,0,39,,1559,300,0,6 7 8,0,61,,1575,260,,,0,39,,1560,300,0,6 7 8,0,61,,1576,260,,,0,39,,1561,300,0,6 7 8,0,61,,1577,260,,,0,39,,1562,300,0,6 7 8,0,61,,1578,260,,,0,39,,1563,300,0,6 7 8,0,61,,1579,260,,,0,39,,1564,300,0,6 7 8,0,70,,1565,300,0,6 7 8,0,29,,1566,300,0,6 7 8,0,70,,1567,300,0,6 7 8,0,100,,1568,300,0,6 7 8,0,99,,1569,300,0,6 7 8,0,100,,1570,300,0,6 7 8,0,100,,1571,300,0,6 7 8,0,92,,1580,260,,,0,99,,1581,260,,,0,100,,1582,260,,,0,90,,1583,260,,,0
20100,'Semaine-01',1602,,2067,120,4,,0,36,,2064,120,4,,0,15,,1694,120,4,,0,5,,2065,120,4,,0,55,,2068,120,4,,0,19,,1701,120,4,,0,20,,2069,120,4,,0,5,,1695,120,4,,0,65,,1696,120,4,,0,30,,2066,120,4,,0
30000,'Fête-2-01',1430,,2075,220,,,0,85,,2076,220,,,0,95,,2078,220,0,5,0,107,,2079,220,,,0,98,,2074,220,0,5,0,100,,2080,220,,,0,85,,2077,220,0,5,0
30000,'Semaine-01',1430,,1716,220,,,0,85,,1717,220,,,0,95,,1719,220,0,5,0,107,,1720,220,,,0,98,,1713,220,0,5,0,100,,1721,220,0,5,0,85,,1718,220,0,5,0
2000002300,'Fête-2-01',1317,,2157,100,,,0
2000002300,'Semaine-01',1317,,1803,100,,,0
