2301,'Fête-2-01',541,,1850,310,,,0,88,,1851,310,,,0,22,,1852,310,,,0,70,,1853,310,,,0,36,,1854,310,,,0
2301,'Semaine-01',541,,1431,310,,,0,88,,1432,310,,,0,22,,1433,310,,,0,70,,1434,310,,,0,36,,1435,310,,,0
20001,'Fête-1-01',620,,1996,430,,,0,101,,1980,430,0,9 7 8,0,101,,1981,430,0,9 7 8,0,102,,1982,430,0,9 7 8,0,29,,1997,430,,,0,71,,1983,430,0,9 7 8,0,29,,1998,430,,,0,71,,1984,430,0,9 7 8,0,29,,1999,430,,,0,71,,1985,430,0,9 7 8,0,29,,2000,430,,,0,71,,1986,430,0,9 7 8,0,29,,2001,430,,,0,71,,1987,430,0,9 7 8,0,29,,2002,430,,,0,71,,1988,430,0,9 7 8,0,29,,2003,430,,,0,71,,1989,430,0,9 7 8,0,30,,1990,430,0,9 7 8,0,100,,1991,430,0,9 7 8,0,98,,1992,430,0,9 7 8,0,99,,1993,430,0,9 7 8,0,100,,1994,430,0,9 7 8,0,99,,1995,430,0,9 7 8,0,100,,2004,430,,,0,100,,2005,430,,,0,100,,2006,430,,,0
20001,'Fête-2-01',522,,2050,140,,,0,14,,2038,430,,,0,15,,2041,430,,,0,55,,2045,430,,,0,15,,2046,430,,,0,16,,2034,430,,,0,18,,2049,430,,,0,53,,2008,430,0,9 7 8,0,16,,2033,430,,,0,14,,2009,430,0,9 7 8,0,16,,2032,430,,,0,56,,2010,430,0,9 7 8,0,15,,2031,430,,,0,14,,2007,430,0,9 7 8,0,15,,2035,430,,,0,55,,2011,430,0,9 7 8,0,30,,2047,430,,,0,69,,2022,430,0,9 7 8,0,31,,2048,430,,,0,69,,2024,430,0,9 7 8,0,30,,2036,430,,,0,72,,2025,430,0,9 7 8,0,30,,2026,430,0,9 7 8,0,68,,2027,430,0,9 7 8,0,29,,2037,430,,,0,71,,2028,430,0,9 7 8,0,31,,2039,430,,,0,71,,2029,430,0,9 7 8,0,31,,2040,430,,,0,70,,2030,430,0,9 7 8,0,33,,2012,430,0,9 7 8,0,69,,2013,430,0,9 7 8,0,27,,2014,430,0,9 7 8,0,69,,2015,430,0,9 7 8,0,28,,2016,430,0,9 7 8,0,68,,2017,430,0,9 7 8,0,30,,2018,430,0,9 7 8,0,68,,2019,430,0,9 7 8,0,30,,2020,430,0,9 7 8,0,70,,2021,430,0,9 7 8,0,30,,2023,430,0,9 7 8,0,101,,2042,430,,,0,99,,2043,430,,,0,90,,2044,430,,,0
20001,'Semaine-01',522,,1664,140,,,0,14,,1644,430,,,0,15,,1650,430,,,0,55,,1659,430,,,0,15,,1660,430,,,0,19,,1640,430,,,0,15,,1663,430,,,0,53,,1614,430,0,9 7 8,0,16,,1639,430,,,0,14,,1615,430,0,9 7 8,0,16,,1638,430,,,0,56,,1616,430,0,9 7 8,0,8,,2051,430,,,0,7,,1637,430,,,0,13,,1613,430,0,9 7 8,0,16,,1641,430,,,0,57,,1617,430,0,9 7 8,0,28,,1661,430,,,0,69,,1628,430,0,9 7 8,0,31,,1662,430,,,0,69,,1630,430,0,9 7 8,0,30,,1642,430,,,0,16,,2056,430,,,0,56,,1631,430,0,9 7 8,0,30,,1632,430,0,9 7 8,0,13,,2055,430,,,0,55,,1633,430,0,9 7 8,0,29,,1643,430,,,0,71,,1634,430,0,9 7 8,0,31,,1647,430,,,0,20,,2053,430,,,0,51,,1635,430,0,9 7 8,0,16,,2052,430,,,0,15,,1648,430,,,0,15,,2057,430,,,0,55,,1636,430,0,9 7 8,0,17,,2063,430,,,0,16,,1618,430,0,9 7 8,0,56,,2058,430,,,0,13,,1619,430,0,9 7 8,0,12,,2059,430,,,0,14,,1620,430,0,9 7 8,0,16,,2060,430,,,0,54,,1621,430,0,9 7 8,0,14,,2061,430,,,0,9,,1622,430,0,9 7 8,0,11,,2054,430,,,0,7,,2062,430,,,0,55,,1623,430,0,9 7 8,0,30,,1624,430,0,9 7 8,0,68,,1625,430,0,9 7 8,0,30,,1626,430,0,9 7 8,0,70,,1627,430,0,9 7 8,0,30,,1629,430,0,9 7 8,0,101,,1656,430,,,0,99,,1657,430,,,0,90,,1658,430,,,0
20001,'Week-end-01',620,,1682,430,,,0,101,,1666,430,0,9 7 8,0,101,,1667,430,0,9 7 8,0,102,,1668,430,0,9 7 8,0,29,,1683,430,,,0,71,,1669,430,0,9 7 8,0,29,,1684,430,,,0,71,,1670,430,0,9 7 8,0,29,,1685,430,,,0,71,,1671,430,0,9 7 8,0,29,,1686,430,,,0,71,,1672,430,0,9 7 8,0,29,,1687,430,,,0,71,,1673,430,0,9 7 8,0,29,,1688,430,,,0,71,,1674,430,0,9 7 8,0,29,,1689,430,,,0,71,,1675,430,0,9 7 8,0,30,,1676,430,0,9 7 8,0,100,,1677,430,0,9 7 8,0,98,,1678,430,0,9 7 8,0,99,,1679,430,0,9 7 8,0,100,,1680,430,0,9 7 8,0,99,,1681,430,0,9 7 8,0,100,,1690,430,,,0,100,,1691,430,,,0,100,,1692,430,,,0
20101,'Semaine-01',606,,1702,80,,,0,25,,2070,40,,,0,16,,1703,80,,,0,4,,2071,40,,,0,51,,1704,80,,,0,19,,2072,40,,,0,11,,1705,80,,,0,19,,2073,40,,,0,52,,1706,80,,,0
30001,'Fête-2-01',703,,2087,150,,,0,50,,2085,150,,,0,93,,2081,440,,,0,82,,2086,150,,,0,98,,2082,440,,,0,99,,2083,440,,,0,102,,2084,440,,,0
30001,'Semaine-01',703,,1732,150,,,0,50,,1730,150,,,0,93,,1726,440,,,0,82,,1731,150,,,0,98,,1727,440,,,0,99,,1728,440,,,0,102,,1729,440,,,0
2000002301,'Fête-2-01',1341,,2158,310,,,0
2000002301,'Semaine-01',1341,,1804,310,,,0
