2301,'Fête-2-01',538,,1850,260,,,0,88,,1851,260,,,0,22,,1852,260,,,0,70,,1853,260,,,0,35,,1854,260,,,0
2301,'Semaine-01',538,,1431,260,,,0,88,,1432,260,,,0,22,,1433,260,,,0,70,,1434,260,,,0,35,,1435,260,,,0
20001,'Fête-1-01',616,,1996,380,,,0,101,,1980,380,0,9 7 8,0,101,,1981,380,0,9 7 8,0,102,,1982,380,0,9 7 8,0,29,,1997,380,,,0,71,,1983,380,0,9 7 8,0,29,,1998,380,,,0,71,,1984,380,0,9 7 8,0,29,,1999,380,,,0,71,,1985,380,0,9 7 8,0,29,,2000,380,,,0,71,,1986,380,0,9 7 8,0,29,,2001,380,,,0,71,,1987,380,0,9 7 8,0,29,,2002,380,,,0,71,,1988,380,0,9 7 8,0,29,,2003,380,,,0,71,,1989,380,0,9 7 8,0,30,,1990,380,0,9 7 8,0,100,,1991,380,0,9 7 8,0,98,,1992,380,0,9 7 8,0,99,,1993,380,0,9 7 8,0,100,,1994,380,0,9 7 8,0,99,,1995,380,0,9 7 8,0,100,,2004,380,,,0,100,,2005,380,,,0,100,,2006,380,,,0
20001,'Fête-2-01',519,,2050,90,,,0,13,,2038,380,,,0,15,,2041,380,,,0,55,,2045,380,,,0,15,,2046,380,,,0,16,,2034,380,,,0,17,,2049,380,,,0,54,,2008,380,0,9 7 8,0,16,,2033,380,,,0,14,,2009,380,0,9 7 8,0,16,,2032,380,,,0,56,,2010,380,0,9 7 8,0,15,,2031,380,,,0,15,,2007,380,0,9 7 8,0,14,,2035,380,,,0,55,,2011,380,0,9 7 8,0,30,,2047,380,,,0,69,,2022,380,0,9 7 8,0,31,,2048,380,,,0,69,,2024,380,0,9 7 8,0,30,,2036,380,,,0,71,,2025,380,0,9 7 8,0,30,,2026,380,0,9 7 8,0,70,,2027,380,0,9 7 8,0,29,,2037,380,,,0,71,,2028,380,0,9 7 8,0,30,,2039,380,,,0,70,,2029,380,0,9 7 8,0,31,,2040,380,,,0,70,,2030,380,0,9 7 8,0,33,,2012,380,0,9 7 8,0,69,,2013,380,0,9 7 8,0,28,,2014,380,0,9 7 8,0,69,,2015,380,0,9 7 8,0,29,,2016,380,0,9 7 8,0,68,,2017,380,0,9 7 8,0,30,,2018,380,0,9 7 8,0,68,,2019,380,0,9 7 8,0,30,,2020,380,0,9 7 8,0,70,,2021,380,0,9 7 8,0,30,,2023,380,0,9 7 8,0,100,,2042,380,,,0,99,,2043,380,,,0,90,,2044,380,,,0
20001,'Semaine-01',519,,1664,90,,,0,13,,1644,380,,,0,15,,1650,380,,,0,55,,1659,380,,,0,15,,1660,380,,,0,19,,1640,380,,,0,14,,1663,380,,,0,54,,1614,380,0,9 7 8,0,16,,1639,380,,,0,14,,1615,380,0,9 7 8,0,16,,1638,380,,,0,56,,1616,380,0,9 7 8,0,8,,2051,380,,,0,7,,1637,380,,,0,14,,1613,380,0,9 7 8,0,15,,1641,380,,,0,57,,1617,380,0,9 7 8,0,28,,1661,380,,,0,69,,1628,380,0,9 7 8,0,31,,1662,380,,,0,69,,1630,380,0,9 7 8,0,30,,1642,380,,,0,16,,2056,380,,,0,55,,1631,380,0,9 7 8,0,30,,1632,380,0,9 7 8,0,15,,2055,380,,,0,55,,1633,380,0,9 7 8,0,29,,1643,380,,,0,71,,1634,380,0,9 7 8,0,30,,1647,380,,,0,20,,2053,380,,,0,50,,1635,380,0,9 7 8,0,16,,2052,380,,,0,15,,1648,380,,,0,15,,2057,380,,,0,55,,1636,380,0,9 7 8,0,17,,2063,380,,,0,16,,1618,380,0,9 7 8,0,16,,2058,380,,,0,53,,1619,380,0,9 7 8,0,14,,2059,380,,,0,13,,1620,380,0,9 7 8,0,17,,2060,380,,,0,53,,1621,380,0,9 7 8,0,15,,2061,380,,,0,9,,1622,380,0,9 7 8,0,11,,2054,380,,,0,7,,2062,380,,,0,55,,1623,380,0,9 7 8,0,30,,1624,380,0,9 7 8,0,68,,1625,380,0,9 7 8,0,30,,1626,380,0,9 7 8,0,70,,1627,380,0,9 7 8,0,30,,1629,380,0,9 7 8,0,100,,1656,380,,,0,99,,1657,380,,,0,90,,1658,380,,,0
20001,'Week-end-01',616,,1682,380,,,0,101,,1666,380,0,9 7 8,0,101,,1667,380,0,9 7 8,0,102,,1668,380,0,9 7 8,0,29,,1683,380,,,0,71,,1669,380,0,9 7 8,0,29,,1684,380,,,0,71,,1670,380,0,9 7 8,0,29,,1685,380,,,0,71,,1671,380,0,9 7 8,0,29,,1686,380,,,0,71,,1672,380,0,9 7 8,0,29,,1687,380,,,0,71,,1673,380,0,9 7 8,0,29,,1688,380,,,0,71,,1674,380,0,9 7 8,0,29,,1689,380,,,0,71,,1675,380,0,9 7 8,0,30,,1676,380,0,9 7 8,0,100,,1677,380,0,9 7 8,0,98,,1678,380,0,9 7 8,0,99,,1679,380,0,9 7 8,0,100,,1680,380,0,9 7 8,0,99,,1681,380,0,9 7 8,0,100,,1690,380,,,0,100,,1691,380,,,0,100,,1692,380,,,0
30001,'Fête-2-01',658,,2087,100,,,0,90,,2085,100,,,0,93,,2081,390,,,0,82,,2086,100,,,0,98,,2082,390,,,0,100,,2083,390,,,0,102,,2084,390,,,0
30001,'Semaine-01',658,,1732,100,,,0,90,,1730,100,,,0,93,,1726,390,,,0,82,,1731,100,,,0,98,,1727,390,,,0,100,,1728,390,,,0,102,,1729,390,,,0
2000002301,'Fête-2-01',1338,,2158,260,,,0
2000002301,'Semaine-01',1338,,1804,260,,,0
