2301,'Fête-2-01',538,,1850,270,,,0,88,,1851,270,,,0,23,,1852,270,,,0,70,,1853,270,,,0,35,,1854,270,,,0
2301,'Semaine-01',538,,1431,270,,,0,88,,1432,270,,,0,23,,1433,270,,,0,70,,1434,270,,,0,35,,1435,270,,,0
20001,'Fête-1-01',617,,1996,390,,,0,101,,1980,390,0,9 7 8,0,101,,1981,390,0,9 7 8,0,101,,1982,390,0,9 7 8,0,29,,1997,390,,,0,71,,1983,390,0,9 7 8,0,29,,1998,390,,,0,71,,1984,390,0,9 7 8,0,29,,1999,390,,,0,71,,1985,390,0,9 7 8,0,29,,2000,390,,,0,71,,1986,390,0,9 7 8,0,29,,2001,390,,,0,71,,1987,390,0,9 7 8,0,29,,2002,390,,,0,71,,1988,390,0,9 7 8,0,29,,2003,390,,,0,71,,1989,390,0,9 7 8,0,30,,1990,390,0,9 7 8,0,100,,1991,390,0,9 7 8,0,99,,1992,390,0,9 7 8,0,99,,1993,390,0,9 7 8,0,100,,1994,390,0,9 7 8,0,99,,1995,390,0,9 7 8,0,100,,2004,390,,,0,100,,2005,390,,,0,100,,2006,390,,,0
20001,'Fête-2-01',520,,2050,100,,,0,13,,2038,390,,,0,15,,2041,390,,,0,55,,2045,390,,,0,15,,2046,390,,,0,16,,2034,390,,,0,16,,2049,390,,,0,54,,2008,390,0,9 7 8,0,16,,2033,390,,,0,14,,2009,390,0,9 7 8,0,16,,2032,390,,,0,56,,2010,390,0,9 7 8,0,15,,2031,390,,,0,15,,2007,390,0,9 7 8,0,14,,2035,390,,,0,55,,2011,390,0,9 7 8,0,31,,2047,390,,,0,68,,2022,390,0,9 7 8,0,31,,2048,390,,,0,69,,2024,390,0,9 7 8,0,30,,2036,390,,,0,72,,2025,390,0,9 7 8,0,30,,2026,390,0,9 7 8,0,69,,2027,390,0,9 7 8,0,29,,2037,390,,,0,71,,2028,390,0,9 7 8,0,30,,2039,390,,,0,71,,2029,390,0,9 7 8,0,31,,2040,390,,,0,70,,2030,390,0,9 7 8,0,33,,2012,390,0,9 7 8,0,69,,2013,390,0,9 7 8,0,27,,2014,390,0,9 7 8,0,69,,2015,390,0,9 7 8,0,29,,2016,390,0,9 7 8,0,68,,2017,390,0,9 7 8,0,30,,2018,390,0,9 7 8,0,69,,2019,390,0,9 7 8,0,30,,2020,390,0,9 7 8,0,70,,2021,390,0,9 7 8,0,30,,2023,390,0,9 7 8,0,100,,2042,390,,,0,99,,2043,390,,,0,90,,2044,390,,,0
20001,'Semaine-01',520,,1664,100,,,0,13,,1644,390,,,0,15,,1650,390,,,0,55,,1659,390,,,0,15,,1660,390,,,0,19,,1640,390,,,0,13,,1663,390,,,0,54,,1614,390,0,9 7 8,0,16,,1639,390,,,0,14,,1615,390,0,9 7 8,0,16,,1638,390,,,0,56,,1616,390,0,9 7 8,0,9,,2051,390,,,0,6,,1637,390,,,0,14,,1613,390,0,9 7 8,0,15,,1641,390,,,0,57,,1617,390,0,9 7 8,0,29,,1661,390,,,0,68,,1628,390,0,9 7 8,0,31,,1662,390,,,0,69,,1630,390,0,9 7 8,0,30,,1642,390,,,0,16,,2056,390,,,0,56,,1631,390,0,9 7 8,0,30,,1632,390,0,9 7 8,0,14,,2055,390,,,0,55,,1633,390,0,9 7 8,0,29,,1643,390,,,0,71,,1634,390,0,9 7 8,0,30,,1647,390,,,0,20,,2053,390,,,0,51,,1635,390,0,9 7 8,0,16,,2052,390,,,0,15,,1648,390,,,0,15,,2057,390,,,0,55,,1636,390,0,9 7 8,0,17,,2063,390,,,0,16,,1618,390,0,9 7 8,0,16,,2058,390,,,0,53,,1619,390,0,9 7 8,0,13,,2059,390,,,0,13,,1620,390,0,9 7 8,0,17,,2060,390,,,0,53,,1621,390,0,9 7 8,0,15,,2061,390,,,0,9,,1622,390,0,9 7 8,0,11,,2054,390,,,0,7,,2062,390,,,0,55,,1623,390,0,9 7 8,0,30,,1624,390,0,9 7 8,0,69,,1625,390,0,9 7 8,0,30,,1626,390,0,9 7 8,0,70,,1627,390,0,9 7 8,0,30,,1629,390,0,9 7 8,0,100,,1656,390,,,0,99,,1657,390,,,0,90,,1658,390,,,0
20001,'Week-end-01',617,,1682,390,,,0,101,,1666,390,0,9 7 8,0,101,,1667,390,0,9 7 8,0,101,,1668,390,0,9 7 8,0,29,,1683,390,,,0,71,,1669,390,0,9 7 8,0,29,,1684,390,,,0,71,,1670,390,0,9 7 8,0,29,,1685,390,,,0,71,,1671,390,0,9 7 8,0,29,,1686,390,,,0,71,,1672,390,0,9 7 8,0,29,,1687,390,,,0,71,,1673,390,0,9 7 8,0,29,,1688,390,,,0,71,,1674,390,0,9 7 8,0,29,,1689,390,,,0,71,,1675,390,0,9 7 8,0,30,,1676,390,0,9 7 8,0,100,,1677,390,0,9 7 8,0,99,,1678,390,0,9 7 8,0,99,,1679,390,0,9 7 8,0,100,,1680,390,0,9 7 8,0,99,,1681,390,0,9 7 8,0,100,,1690,390,,,0,100,,1691,390,,,0,100,,1692,390,,,0
30001,'Fête-2-01',659,,2087,110,,,0,90,,2085,110,,,0,93,,2081,400,,,0,82,,2086,110,,,0,98,,2082,400,,,0,100,,2083,400,,,0,102,,2084,400,,,0
30001,'Semaine-01',659,,1732,110,,,0,90,,1730,110,,,0,93,,1726,400,,,0,82,,1731,110,,,0,98,,1727,400,,,0,100,,1728,400,,,0,102,,1729,400,,,0
2000002301,'Fête-2-01',1338,,2158,270,,,0
2000002301,'Semaine-01',1338,,1804,270,,,0
