2300,'Fête-2-01',1636,,1845,60,,,0,80,,1846,60,,,0,20,,1847,60,,,0,70,,1848,60,,,0,40,,1849,60,,,0
2300,'Semaine-01',1636,,1426,60,,,0,80,,1427,60,,,0,20,,1428,60,,,0,70,,1429,60,,,0,40,,1430,60,,,0
20000,'Fête-1-01',643,,1901,210,,,0,100,,1902,210,,,0,109,,1885,250,0,6 7 8,0,100,,1886,250,0,6 7 8,0,100,,1887,250,0,6 7 8,0,62,,1903,210,,,0,39,,1888,250,0,6 7 8,0,61,,1904,210,,,0,39,,1889,250,0,6 7 8,0,61,,1905,210,,,0,39,,1890,250,0,6 7 8,0,61,,1906,210,,,0,39,,1891,250,0,6 7 8,0,61,,1907,210,,,0,39,,1892,250,0,6 7 8,0,61,,1908,210,,,0,39,,1893,250,0,6 7 8,0,70,,1894,250,0,6 7 8,0,29,,1895,250,0,6 7 8,0,70,,1896,250,0,6 7 8,0,100,,1897,250,0,6 7 8,0,99,,1898,250,0,6 7 8,0,100,,1899,250,0,6 7 8,0,100,,1900,250,0,6 7 8,0,92,,1909,210,,,0,99,,1910,210,,,0,100,,1911,210,,,0,90,,1912,210,,,0
20000,'Fête-2-01',620,,1940,210,,,0,32,,1955,210,,,0,71,,1960,210,,,0,21,,1915,250,0,6 7 8,0,10,,1961,210,,,0,70,,1962,210,,,0,10,,1941,210,,,0,15,,1942,210,,,0,62,,1925,250,0,6 7 8,0,6,,1943,210,,,0,23,,1930,250,0,6 7 8,0,62,,1944,210,,,0,39,,1931,250,0,6 7 8,0,61,,1945,210,,,0,39,,1932,250,0,6 7 8,0,61,,1946,210,,,0,39,,1933,250,0,6 7 8,0,64,,1937,230,,,0,35,,1934,250,0,6 7 8,0,6,,1947,210,,,0,55,,1948,210,,,0,40,,1935,250,0,6 7 8,0,62,,1949,210,,,0,40,,1936,250,0,6 7 8,0,5,,1950,210,,,0,69,,1913,270,0,6 7 8,0,3,,1951,210,,,0,26,,1916,250,0,6 7 8,0,55,,1938,230,,,0,17,,1917,250,0,6 7 8,0,5,,1952,210,,,0,23,,1918,250,0,6 7 8,0,5,,1953,210,,,0,68,,1954,210,,,0,1,,1914,270,0,6 7 8,0,23,,1919,250,0,6 7 8,0,4,,1956,210,,,0,64,,1920,250,0,6 7 8,0,9,,1939,230,,,0,21,,1921,250,0,6 7 8,0,70,,1922,250,0,6 7 8,0,30,,1923,250,0,6 7 8,0,66,,1924,250,0,6 7 8,0,30,,1926,250,0,6 7 8,0,68,,1927,250,0,6 7 8,0,30,,1928,250,0,6 7 8,0,69,,1929,250,0,6 7 8,0,53,,1957,210,,,0,100,,1958,210,,,0,80,,1959,210,,,0
20000,'Semaine-01',620,,1526,210,,,0,17,,1977,210,,,0,10,,1967,210,,,0,5,,1544,210,,,0,5,,1965,210,,,0,43,,1979,170,0,6 7 8,0,3,,1966,210,,,0,5,,1549,210,,,0,5,,1978,210,,,0,10,,1551,210,,,0,21,,1500,250,0,6 7 8,0,10,,1552,210,,,0,55,,1553,210,,,0,15,,1554,210,,,0,10,,1972,210,,,0,10,,1494,210,,,0,10,,1973,210,,,0,57,,1510,250,0,6 7 8,0,6,,1974,210,,,0,23,,1516,250,0,6 7 8,0,62,,1530,210,,,0,19,,1963,250,0,6 7 8,0,10,,1969,250,0,6 7 8,0,10,,1517,250,0,6 7 8,0,61,,1531,210,,,0,39,,1518,250,0,6 7 8,0,61,,1532,210,,,0,39,,1519,250,0,6 7 8,0,6,,1975,210,,,0,58,,1523,230,,,0,35,,1520,250,0,6 7 8,0,6,,1976,210,,,0,55,,1537,210,,,0,40,,1521,250,0,6 7 8,0,62,,1538,210,,,0,15,,1964,210,,,0,25,,1522,250,0,6 7 8,0,5,,1539,210,,,0,67,,1970,210,,,0,5,,1540,210,,,0,21,,1501,250,0,6 7 8,0,5,,1534,210,,,0,66,,1502,250,0,6 7 8,0,1,,1524,230,,,0,5,,1968,210,,,0,5,,1541,210,,,0,23,,1503,250,0,6 7 8,0,5,,1542,210,,,0,68,,1543,210,,,0,1,,1499,270,0,6 7 8,0,23,,1504,250,0,6 7 8,0,4,,1545,210,,,0,64,,1505,250,0,6 7 8,0,9,,1525,230,,,0,21,,1506,250,0,6 7 8,0,70,,1507,250,0,6 7 8,0,30,,1508,250,0,6 7 8,0,66,,1509,250,0,6 7 8,0,30,,1511,250,0,6 7 8,0,15,,1971,250,0,6 7 8,0,53,,1513,250,0,6 7 8,0,30,,1514,250,0,6 7 8,0,69,,1515,250,0,6 7 8,0,53,,1546,210,,,0,100,,1547,210,,,0,80,,1548,210,,,0
20000,'Week-end-01',643,,1572,210,,,0,100,,1573,210,,,0,109,,1556,250,0,6 7 8,0,100,,1557,250,0,6 7 8,0,100,,1558,250,0,6 7 8,0,62,,1574,210,,,0,39,,1559,250,0,6 7 8,0,61,,1575,210,,,0,39,,1560,250,0,6 7 8,0,61,,1576,210,,,0,39,,1561,250,0,6 7 8,0,61,,1577,210,,,0,39,,1562,250,0,6 7 8,0,61,,1578,210,,,0,39,,1563,250,0,6 7 8,0,61,,1579,210,,,0,39,,1564,250,0,6 7 8,0,70,,1565,250,0,6 7 8,0,29,,1566,250,0,6 7 8,0,70,,1567,250,0,6 7 8,0,100,,1568,250,0,6 7 8,0,99,,1569,250,0,6 7 8,0,100,,1570,250,0,6 7 8,0,100,,1571,250,0,6 7 8,0,92,,1580,210,,,0,99,,1581,210,,,0,100,,1582,210,,,0,90,,1583,210,,,0
20100,'Semaine-01',1558,,2067,100,4,,0,76,,2064,100,4,,0,15,,1694,100,4,,0,5,,2065,100,4,,0,55,,2068,100,4,,0,19,,1701,100,4,,0,20,,2069,100,4,,0,6,,1695,100,4,,0,65,,1696,100,4,,0,30,,2066,100,4,,0
30000,'Fête-2-01',1427,,2075,170,,,0,85,,2076,170,,,0,95,,2078,170,0,5,0,107,,2079,170,,,0,98,,2074,170,0,5,0,100,,2080,170,,,0,45,,2077,170,0,5,0
30000,'Semaine-01',1427,,1716,170,,,0,85,,1717,170,,,0,95,,1719,170,0,5,0,107,,1720,170,,,0,98,,1713,170,0,5,0,100,,1721,170,0,5,0,45,,1718,170,0,5,0
2000002300,'Fête-2-01',1314,,2157,60,,,0
2000002300,'Semaine-01',1314,,1803,60,,,0
