2301,'Fête-2-01',537,,1850,240,,,0,88,,1851,240,,,0,22,,1852,240,,,0,70,,1853,240,,,0,35,,1854,240,,,0
2301,'Semaine-01',537,,1431,240,,,0,88,,1432,240,,,0,22,,1433,240,,,0,70,,1434,240,,,0,35,,1435,240,,,0
20001,'Fête-1-01',615,,1996,360,,,0,101,,1980,360,0,9 7 8,0,101,,1981,360,0,9 7 8,0,101,,1982,360,0,9 7 8,0,29,,1997,360,,,0,71,,1983,360,0,9 7 8,0,29,,1998,360,,,0,71,,1984,360,0,9 7 8,0,29,,1999,360,,,0,71,,1985,360,0,9 7 8,0,29,,2000,360,,,0,71,,1986,360,0,9 7 8,0,29,,2001,360,,,0,71,,1987,360,0,9 7 8,0,29,,2002,360,,,0,71,,1988,360,0,9 7 8,0,29,,2003,360,,,0,71,,1989,360,0,9 7 8,0,30,,1990,360,0,9 7 8,0,100,,1991,360,0,9 7 8,0,99,,1992,360,0,9 7 8,0,99,,1993,360,0,9 7 8,0,100,,1994,360,0,9 7 8,0,99,,1995,360,0,9 7 8,0,100,,2004,360,,,0,100,,2005,360,,,0,100,,2006,360,,,0
20001,'Fête-2-01',518,,2050,70,,,0,13,,2038,360,,,0,15,,2041,360,,,0,55,,2045,360,,,0,15,,2046,360,,,0,16,,2034,360,,,0,16,,2049,360,,,0,54,,2008,360,0,9 7 8,0,16,,2033,360,,,0,14,,2009,360,0,9 7 8,0,16,,2032,360,,,0,56,,2010,360,0,9 7 8,0,15,,2031,360,,,0,15,,2007,360,0,9 7 8,0,14,,2035,360,,,0,55,,2011,360,0,9 7 8,0,31,,2047,360,,,0,68,,2022,360,0,9 7 8,0,31,,2048,360,,,0,69,,2024,360,0,9 7 8,0,30,,2036,360,,,0,71,,2025,360,0,9 7 8,0,30,,2026,360,0,9 7 8,0,70,,2027,360,0,9 7 8,0,29,,2037,360,,,0,71,,2028,360,0,9 7 8,0,30,,2039,360,,,0,70,,2029,360,0,9 7 8,0,31,,2040,360,,,0,70,,2030,360,0,9 7 8,0,33,,2012,360,0,9 7 8,0,69,,2013,360,0,9 7 8,0,28,,2014,360,0,9 7 8,0,69,,2015,360,0,9 7 8,0,29,,2016,360,0,9 7 8,0,68,,2017,360,0,9 7 8,0,30,,2018,360,0,9 7 8,0,29,,2019,360,0,9 7 8,0,70,,2020,360,0,9 7 8,0,30,,2021,360,0,9 7 8,0,70,,2023,360,0,9 7 8,0,100,,2042,360,,,0,99,,2043,360,,,0,90,,2044,360,,,0
20001,'Semaine-01',518,,1664,70,,,0,13,,1644,360,,,0,15,,1650,360,,,0,55,,1659,360,,,0,15,,1660,360,,,0,19,,1640,360,,,0,13,,1663,360,,,0,54,,1614,360,0,9 7 8,0,16,,1639,360,,,0,14,,1615,360,0,9 7 8,0,16,,1638,360,,,0,56,,1616,360,0,9 7 8,0,9,,2051,360,,,0,6,,1637,360,,,0,14,,1613,360,0,9 7 8,0,15,,1641,360,,,0,57,,1617,360,0,9 7 8,0,29,,1661,360,,,0,68,,1628,360,0,9 7 8,0,31,,1662,360,,,0,69,,1630,360,0,9 7 8,0,30,,1642,360,,,0,16,,2056,360,,,0,55,,1631,360,0,9 7 8,0,30,,1632,360,0,9 7 8,0,15,,2055,360,,,0,55,,1633,360,0,9 7 8,0,29,,1643,360,,,0,71,,1634,360,0,9 7 8,0,30,,1647,360,,,0,20,,2053,360,,,0,50,,1635,360,0,9 7 8,0,16,,2052,360,,,0,15,,1648,360,,,0,15,,2057,360,,,0,55,,1636,360,0,9 7 8,0,17,,2063,360,,,0,16,,1618,360,0,9 7 8,0,16,,2058,360,,,0,53,,1619,360,0,9 7 8,0,14,,2059,360,,,0,13,,1620,360,0,9 7 8,0,17,,2060,360,,,0,53,,1621,360,0,9 7 8,0,15,,2061,360,,,0,9,,1622,360,0,9 7 8,0,11,,2054,360,,,0,7,,2062,360,,,0,55,,1623,360,0,9 7 8,0,30,,1624,360,0,9 7 8,0,29,,1625,360,0,9 7 8,0,70,,1626,360,0,9 7 8,0,30,,1627,360,0,9 7 8,0,70,,1629,360,0,9 7 8,0,100,,1656,360,,,0,99,,1657,360,,,0,90,,1658,360,,,0
20001,'Week-end-01',615,,1682,360,,,0,101,,1666,360,0,9 7 8,0,101,,1667,360,0,9 7 8,0,101,,1668,360,0,9 7 8,0,29,,1683,360,,,0,71,,1669,360,0,9 7 8,0,29,,1684,360,,,0,71,,1670,360,0,9 7 8,0,29,,1685,360,,,0,71,,1671,360,0,9 7 8,0,29,,1686,360,,,0,71,,1672,360,0,9 7 8,0,29,,1687,360,,,0,71,,1673,360,0,9 7 8,0,29,,1688,360,,,0,71,,1674,360,0,9 7 8,0,29,,1689,360,,,0,71,,1675,360,0,9 7 8,0,30,,1676,360,0,9 7 8,0,100,,1677,360,0,9 7 8,0,99,,1678,360,0,9 7 8,0,99,,1679,360,0,9 7 8,0,100,,1680,360,0,9 7 8,0,99,,1681,360,0,9 7 8,0,100,,1690,360,,,0,100,,1691,360,,,0,100,,1692,360,,,0
20101,'Semaine-01',601,,1702,50,,,0,24,,2070,10,,,0,16,,1703,50,,,0,4,,2071,10,,,0,11,,1704,50,,,0,59,,2072,10,,,0,11,,1705,50,,,0,19,,2073,10,,,0,12,,1706,50,,,0
30001,'Fête-2-01',657,,2087,80,,,0,90,,2085,80,,,0,93,,2081,370,,,0,82,,2086,80,,,0,98,,2082,370,,,0,100,,2083,370,,,0,102,,2084,370,,,0
30001,'Semaine-01',657,,1732,80,,,0,90,,1730,80,,,0,93,,1726,370,,,0,82,,1731,80,,,0,98,,1727,370,,,0,100,,1728,370,,,0,102,,1729,370,,,0
2000002301,'Fête-2-01',1337,,2158,240,,,0
2000002301,'Semaine-01',1337,,1804,240,,,0
