2300,'Fête-2-01',1637,,1845,70,,,0,80,,1846,70,,,0,19,,1847,70,,,0,70,,1848,70,,,0,40,,1849,70,,,0
2300,'Semaine-01',1637,,1426,70,,,0,80,,1427,70,,,0,19,,1428,70,,,0,70,,1429,70,,,0,40,,1430,70,,,0
20000,'Fête-1-01',643,,1901,230,,,0,100,,1902,230,,,0,109,,1885,270,0,6 7 8,0,100,,1886,270,0,6 7 8,0,100,,1887,270,0,6 7 8,0,62,,1903,230,,,0,39,,1888,270,0,6 7 8,0,61,,1904,230,,,0,39,,1889,270,0,6 7 8,0,61,,1905,230,,,0,39,,1890,270,0,6 7 8,0,61,,1906,230,,,0,39,,1891,270,0,6 7 8,0,61,,1907,230,,,0,39,,1892,270,0,6 7 8,0,61,,1908,230,,,0,39,,1893,270,0,6 7 8,0,70,,1894,270,0,6 7 8,0,29,,1895,270,0,6 7 8,0,70,,1896,270,0,6 7 8,0,100,,1897,270,0,6 7 8,0,99,,1898,270,0,6 7 8,0,100,,1899,270,0,6 7 8,0,100,,1900,270,0,6 7 8,0,92,,1909,230,,,0,99,,1910,230,,,0,100,,1911,230,,,0,90,,1912,230,,,0
20000,'Fête-2-01',620,,1940,230,,,0,32,,1955,230,,,0,71,,1960,230,,,0,21,,1915,270,0,6 7 8,0,10,,1961,230,,,0,70,,1962,230,,,0,10,,1941,230,,,0,15,,1942,230,,,0,62,,1925,270,0,6 7 8,0,7,,1943,230,,,0,22,,1930,270,0,6 7 8,0,63,,1944,230,,,0,38,,1931,270,0,6 7 8,0,61,,1945,230,,,0,39,,1932,270,0,6 7 8,0,61,,1946,230,,,0,39,,1933,270,0,6 7 8,0,65,,1937,250,,,0,34,,1934,270,0,6 7 8,0,7,,1947,230,,,0,55,,1948,230,,,0,40,,1935,270,0,6 7 8,0,62,,1949,230,,,0,40,,1936,270,0,6 7 8,0,4,,1950,230,,,0,70,,1913,290,0,6 7 8,0,3,,1951,230,,,0,26,,1916,270,0,6 7 8,0,55,,1938,250,,,0,16,,1917,270,0,6 7 8,0,6,,1952,230,,,0,22,,1918,270,0,6 7 8,0,5,,1953,230,,,0,68,,1954,230,,,0,2,,1914,290,0,6 7 8,0,23,,1919,270,0,6 7 8,0,3,,1956,230,,,0,65,,1920,270,0,6 7 8,0,8,,1939,250,,,0,22,,1921,270,0,6 7 8,0,70,,1922,270,0,6 7 8,0,30,,1923,270,0,6 7 8,0,66,,1924,270,0,6 7 8,0,30,,1926,270,0,6 7 8,0,67,,1927,270,0,6 7 8,0,30,,1928,270,0,6 7 8,0,69,,1929,270,0,6 7 8,0,53,,1957,230,,,0,100,,1958,230,,,0,80,,1959,230,,,0
20000,'Semaine-01',620,,1526,230,,,0,17,,1977,230,,,0,10,,1967,230,,,0,5,,1544,230,,,0,5,,1965,230,,,0,44,,1979,190,0,6 7 8,0,2,,1966,230,,,0,5,,1549,230,,,0,5,,1978,230,,,0,10,,1551,230,,,0,21,,1500,270,0,6 7 8,0,10,,1552,230,,,0,55,,1553,230,,,0,15,,1554,230,,,0,10,,1972,230,,,0,10,,1494,230,,,0,10,,1973,230,,,0,57,,1510,270,0,6 7 8,0,7,,1974,230,,,0,22,,1516,270,0,6 7 8,0,63,,1530,230,,,0,18,,1963,270,0,6 7 8,0,10,,1969,270,0,6 7 8,0,10,,1517,270,0,6 7 8,0,61,,1531,230,,,0,39,,1518,270,0,6 7 8,0,61,,1532,230,,,0,39,,1519,270,0,6 7 8,0,6,,1975,230,,,0,59,,1523,250,,,0,34,,1520,270,0,6 7 8,0,7,,1976,230,,,0,55,,1537,230,,,0,40,,1521,270,0,6 7 8,0,62,,1538,230,,,0,15,,1964,230,,,0,25,,1522,270,0,6 7 8,0,4,,1539,230,,,0,68,,1970,230,,,0,5,,1540,230,,,0,0,,1498,290,0,6 7 8,0,21,,1501,270,0,6 7 8,0,5,,1534,230,,,0,66,,1502,270,0,6 7 8,0,1,,1524,250,,,0,5,,1968,230,,,0,5,,1541,230,,,0,22,,1503,270,0,6 7 8,0,5,,1542,230,,,0,68,,1543,230,,,0,2,,1499,290,0,6 7 8,0,23,,1504,270,0,6 7 8,0,3,,1545,230,,,0,65,,1505,270,0,6 7 8,0,8,,1525,250,,,0,22,,1506,270,0,6 7 8,0,70,,1507,270,0,6 7 8,0,30,,1508,270,0,6 7 8,0,66,,1509,270,0,6 7 8,0,30,,1511,270,0,6 7 8,0,14,,1971,270,0,6 7 8,0,53,,1513,270,0,6 7 8,0,30,,1514,270,0,6 7 8,0,69,,1515,270,0,6 7 8,0,53,,1546,230,,,0,100,,1547,230,,,0,80,,1548,230,,,0
20000,'Week-end-01',643,,1572,230,,,0,100,,1573,230,,,0,109,,1556,270,0,6 7 8,0,100,,1557,270,0,6 7 8,0,100,,1558,270,0,6 7 8,0,62,,1574,230,,,0,39,,1559,270,0,6 7 8,0,61,,1575,230,,,0,39,,1560,270,0,6 7 8,0,61,,1576,230,,,0,39,,1561,270,0,6 7 8,0,61,,1577,230,,,0,39,,1562,270,0,6 7 8,0,61,,1578,230,,,0,39,,1563,270,0,6 7 8,0,61,,1579,230,,,0,39,,1564,270,0,6 7 8,0,70,,1565,270,0,6 7 8,0,29,,1566,270,0,6 7 8,0,70,,1567,270,0,6 7 8,0,100,,1568,270,0,6 7 8,0,99,,1569,270,0,6 7 8,0,100,,1570,270,0,6 7 8,0,100,,1571,270,0,6 7 8,0,92,,1580,230,,,0,99,,1581,230,,,0,100,,1582,230,,,0,90,,1583,230,,,0
30000,'Fête-2-01',1427,,2075,190,,,0,85,,2076,190,,,0,95,,2078,190,0,5,0,107,,2079,190,,,0,98,,2074,190,0,5,0,100,,2080,190,,,0,45,,2077,190,0,5,0
30000,'Semaine-01',1427,,1716,190,,,0,85,,1717,190,,,0,95,,1719,190,0,5,0,107,,1720,190,,,0,98,,1713,190,0,5,0,100,,1721,190,0,5,0,45,,1718,190,0,5,0
2000002300,'Fête-2-01',1314,,2157,70,,,0
2000002300,'Semaine-01',1314,,1803,70,,,0
