2301,'Fête-2-01',537,,1850,250,,,0,88,,1851,250,,,0,23,,1852,250,,,0,70,,1853,250,,,0,35,,1854,250,,,0
2301,'Semaine-01',537,,1431,250,,,0,88,,1432,250,,,0,23,,1433,250,,,0,70,,1434,250,,,0,35,,1435,250,,,0
20001,'Fête-1-01',616,,1996,370,,,0,101,,1980,370,0,9 7 8,0,101,,1981,370,0,9 7 8,0,101,,1982,370,0,9 7 8,0,29,,1997,370,,,0,71,,1983,370,0,9 7 8,0,29,,1998,370,,,0,71,,1984,370,0,9 7 8,0,29,,1999,370,,,0,71,,1985,370,0,9 7 8,0,29,,2000,370,,,0,71,,1986,370,0,9 7 8,0,29,,2001,370,,,0,71,,1987,370,0,9 7 8,0,29,,2002,370,,,0,71,,1988,370,0,9 7 8,0,29,,2003,370,,,0,71,,1989,370,0,9 7 8,0,30,,1990,370,0,9 7 8,0,100,,1991,370,0,9 7 8,0,99,,1992,370,0,9 7 8,0,99,,1993,370,0,9 7 8,0,100,,1994,370,0,9 7 8,0,99,,1995,370,0,9 7 8,0,100,,2004,370,,,0,100,,2005,370,,,0,100,,2006,370,,,0
20001,'Fête-2-01',519,,2050,80,,,0,13,,2038,370,,,0,15,,2041,370,,,0,55,,2045,370,,,0,15,,2046,370,,,0,16,,2034,370,,,0,16,,2049,370,,,0,54,,2008,370,0,9 7 8,0,16,,2033,370,,,0,14,,2009,370,0,9 7 8,0,16,,2032,370,,,0,56,,2010,370,0,9 7 8,0,15,,2031,370,,,0,15,,2007,370,0,9 7 8,0,14,,2035,370,,,0,55,,2011,370,0,9 7 8,0,31,,2047,370,,,0,68,,2022,370,0,9 7 8,0,31,,2048,370,,,0,69,,2024,370,0,9 7 8,0,30,,2036,370,,,0,71,,2025,370,0,9 7 8,0,30,,2026,370,0,9 7 8,0,70,,2027,370,0,9 7 8,0,29,,2037,370,,,0,71,,2028,370,0,9 7 8,0,30,,2039,370,,,0,70,,2029,370,0,9 7 8,0,31,,2040,370,,,0,70,,2030,370,0,9 7 8,0,33,,2012,370,0,9 7 8,0,69,,2013,370,0,9 7 8,0,28,,2014,370,0,9 7 8,0,69,,2015,370,0,9 7 8,0,29,,2016,370,0,9 7 8,0,68,,2017,370,0,9 7 8,0,30,,2018,370,0,9 7 8,0,69,,2019,370,0,9 7 8,0,30,,2020,370,0,9 7 8,0,70,,2021,370,0,9 7 8,0,30,,2023,370,0,9 7 8,0,100,,2042,370,,,0,99,,2043,370,,,0,90,,2044,370,,,0
20001,'Semaine-01',519,,1664,80,,,0,13,,1644,370,,,0,15,,1650,370,,,0,55,,1659,370,,,0,15,,1660,370,,,0,19,,1640,370,,,0,13,,1663,370,,,0,54,,1614,370,0,9 7 8,0,16,,1639,370,,,0,14,,1615,370,0,9 7 8,0,16,,1638,370,,,0,56,,1616,370,0,9 7 8,0,9,,2051,370,,,0,6,,1637,370,,,0,14,,1613,370,0,9 7 8,0,15,,1641,370,,,0,57,,1617,370,0,9 7 8,0,29,,1661,370,,,0,68,,1628,370,0,9 7 8,0,31,,1662,370,,,0,69,,1630,370,0,9 7 8,0,30,,1642,370,,,0,16,,2056,370,,,0,55,,1631,370,0,9 7 8,0,30,,1632,370,0,9 7 8,0,15,,2055,370,,,0,55,,1633,370,0,9 7 8,0,29,,1643,370,,,0,71,,1634,370,0,9 7 8,0,30,,1647,370,,,0,20,,2053,370,,,0,50,,1635,370,0,9 7 8,0,16,,2052,370,,,0,15,,1648,370,,,0,15,,2057,370,,,0,55,,1636,370,0,9 7 8,0,17,,2063,370,,,0,16,,1618,370,0,9 7 8,0,16,,2058,370,,,0,53,,1619,370,0,9 7 8,0,14,,2059,370,,,0,13,,1620,370,0,9 7 8,0,17,,2060,370,,,0,53,,1621,370,0,9 7 8,0,15,,2061,370,,,0,9,,1622,370,0,9 7 8,0,11,,2054,370,,,0,7,,2062,370,,,0,55,,1623,370,0,9 7 8,0,30,,1624,370,0,9 7 8,0,69,,1625,370,0,9 7 8,0,30,,1626,370,0,9 7 8,0,70,,1627,370,0,9 7 8,0,30,,1629,370,0,9 7 8,0,100,,1656,370,,,0,99,,1657,370,,,0,90,,1658,370,,,0
20001,'Week-end-01',616,,1682,370,,,0,101,,1666,370,0,9 7 8,0,101,,1667,370,0,9 7 8,0,101,,1668,370,0,9 7 8,0,29,,1683,370,,,0,71,,1669,370,0,9 7 8,0,29,,1684,370,,,0,71,,1670,370,0,9 7 8,0,29,,1685,370,,,0,71,,1671,370,0,9 7 8,0,29,,1686,370,,,0,71,,1672,370,0,9 7 8,0,29,,1687,370,,,0,71,,1673,370,0,9 7 8,0,29,,1688,370,,,0,71,,1674,370,0,9 7 8,0,29,,1689,370,,,0,71,,1675,370,0,9 7 8,0,30,,1676,370,0,9 7 8,0,100,,1677,370,0,9 7 8,0,99,,1678,370,0,9 7 8,0,99,,1679,370,0,9 7 8,0,100,,1680,370,0,9 7 8,0,99,,1681,370,0,9 7 8,0,100,,1690,370,,,0,100,,1691,370,,,0,100,,1692,370,,,0
20101,'Semaine-01',602,,1702,60,,,0,24,,2070,20,,,0,16,,1703,60,,,0,4,,2071,20,,,0,11,,1704,60,,,0,59,,2072,20,,,0,11,,1705,60,,,0,19,,2073,20,,,0,12,,1706,60,,,0
30001,'Fête-2-01',658,,2087,90,,,0,90,,2085,90,,,0,93,,2081,380,,,0,82,,2086,90,,,0,98,,2082,380,,,0,100,,2083,380,,,0,102,,2084,380,,,0
30001,'Semaine-01',658,,1732,90,,,0,90,,1730,90,,,0,93,,1726,380,,,0,82,,1731,90,,,0,98,,1727,380,,,0,100,,1728,380,,,0,102,,1729,380,,,0
2000002301,'Fête-2-01',1337,,2158,250,,,0
2000002301,'Semaine-01',1337,,1804,250,,,0
