2301,'Fête-2-01',542,,1850,320,,,0,88,,1851,320,,,0,22,,1852,320,,,0,70,,1853,320,,,0,36,,1854,320,,,0
2301,'Semaine-01',542,,1431,320,,,0,88,,1432,320,,,0,22,,1433,320,,,0,70,,1434,320,,,0,36,,1435,320,,,0
20001,'Fête-1-01',620,,1996,440,,,0,101,,1980,440,0,9 7 8,0,101,,1981,440,0,9 7 8,0,102,,1982,440,0,9 7 8,0,29,,1997,440,,,0,71,,1983,440,0,9 7 8,0,29,,1998,440,,,0,71,,1984,440,0,9 7 8,0,29,,1999,440,,,0,71,,1985,440,0,9 7 8,0,29,,2000,440,,,0,71,,1986,440,0,9 7 8,0,29,,2001,440,,,0,71,,1987,440,0,9 7 8,0,29,,2002,440,,,0,71,,1988,440,0,9 7 8,0,29,,2003,440,,,0,71,,1989,440,0,9 7 8,0,30,,1990,440,0,9 7 8,0,100,,1991,440,0,9 7 8,0,98,,1992,440,0,9 7 8,0,99,,1993,440,0,9 7 8,0,100,,1994,440,0,9 7 8,0,99,,1995,440,0,9 7 8,0,100,,2004,440,,,0,100,,2005,440,,,0,100,,2006,440,,,0
20001,'Fête-2-01',522,,2050,150,,,0,14,,2038,440,,,0,15,,2041,440,,,0,55,,2045,440,,,0,15,,2046,440,,,0,16,,2034,440,,,0,18,,2049,440,,,0,53,,2008,440,0,9 7 8,0,16,,2033,440,,,0,14,,2009,440,0,9 7 8,0,16,,2032,440,,,0,56,,2010,440,0,9 7 8,0,15,,2031,440,,,0,14,,2007,440,0,9 7 8,0,15,,2035,440,,,0,55,,2011,440,0,9 7 8,0,30,,2047,440,,,0,69,,2022,440,0,9 7 8,0,31,,2048,440,,,0,69,,2024,440,0,9 7 8,0,30,,2036,440,,,0,72,,2025,440,0,9 7 8,0,30,,2026,440,0,9 7 8,0,68,,2027,440,0,9 7 8,0,29,,2037,440,,,0,71,,2028,440,0,9 7 8,0,31,,2039,440,,,0,71,,2029,440,0,9 7 8,0,31,,2040,440,,,0,70,,2030,440,0,9 7 8,0,33,,2012,440,0,9 7 8,0,69,,2013,440,0,9 7 8,0,27,,2014,440,0,9 7 8,0,69,,2015,440,0,9 7 8,0,28,,2016,440,0,9 7 8,0,68,,2017,440,0,9 7 8,0,30,,2018,440,0,9 7 8,0,68,,2019,440,0,9 7 8,0,30,,2020,440,0,9 7 8,0,70,,2021,440,0,9 7 8,0,30,,2023,440,0,9 7 8,0,101,,2042,440,,,0,99,,2043,440,,,0,90,,2044,440,,,0
20001,'Semaine-01',522,,1664,150,,,0,14,,1644,440,,,0,15,,1650,440,,,0,55,,1659,440,,,0,15,,1660,440,,,0,19,,1640,440,,,0,15,,1663,440,,,0,53,,1614,440,0,9 7 8,0,16,,1639,440,,,0,14,,1615,440,0,9 7 8,0,16,,1638,440,,,0,56,,1616,440,0,9 7 8,0,8,,2051,440,,,0,7,,1637,440,,,0,13,,1613,440,0,9 7 8,0,16,,1641,440,,,0,57,,1617,440,0,9 7 8,0,28,,1661,440,,,0,69,,1628,440,0,9 7 8,0,31,,1662,440,,,0,69,,1630,440,0,9 7 8,0,30,,1642,440,,,0,16,,2056,440,,,0,56,,1631,440,0,9 7 8,0,30,,1632,440,0,9 7 8,0,13,,2055,440,,,0,55,,1633,440,0,9 7 8,0,29,,1643,440,,,0,71,,1634,440,0,9 7 8,0,31,,1647,440,,,0,20,,2053,440,,,0,51,,1635,440,0,9 7 8,0,16,,2052,440,,,0,15,,1648,440,,,0,15,,2057,440,,,0,55,,1636,440,0,9 7 8,0,17,,2063,440,,,0,16,,1618,440,0,9 7 8,0,56,,2058,440,,,0,13,,1619,440,0,9 7 8,0,12,,2059,440,,,0,14,,1620,440,0,9 7 8,0,16,,2060,440,,,0,54,,1621,440,0,9 7 8,0,14,,2061,440,,,0,9,,1622,440,0,9 7 8,0,11,,2054,440,,,0,7,,2062,440,,,0,55,,1623,440,0,9 7 8,0,30,,1624,440,0,9 7 8,0,68,,1625,440,0,9 7 8,0,30,,1626,440,0,9 7 8,0,70,,1627,440,0,9 7 8,0,30,,1629,440,0,9 7 8,0,101,,1656,440,,,0,99,,1657,440,,,0,90,,1658,440,,,0
20001,'Week-end-01',620,,1682,440,,,0,101,,1666,440,0,9 7 8,0,101,,1667,440,0,9 7 8,0,102,,1668,440,0,9 7 8,0,29,,1683,440,,,0,71,,1669,440,0,9 7 8,0,29,,1684,440,,,0,71,,1670,440,0,9 7 8,0,29,,1685,440,,,0,71,,1671,440,0,9 7 8,0,29,,1686,440,,,0,71,,1672,440,0,9 7 8,0,29,,1687,440,,,0,71,,1673,440,0,9 7 8,0,29,,1688,440,,,0,71,,1674,440,0,9 7 8,0,29,,1689,440,,,0,71,,1675,440,0,9 7 8,0,30,,1676,440,0,9 7 8,0,100,,1677,440,0,9 7 8,0,98,,1678,440,0,9 7 8,0,99,,1679,440,0,9 7 8,0,100,,1680,440,0,9 7 8,0,99,,1681,440,0,9 7 8,0,100,,1690,440,,,0,100,,1691,440,,,0,100,,1692,440,,,0
30001,'Fête-2-01',703,,2087,160,,,0,50,,2085,160,,,0,93,,2081,450,,,0,82,,2086,160,,,0,98,,2082,450,,,0,99,,2083,450,,,0,102,,2084,450,,,0
30001,'Semaine-01',703,,1732,160,,,0,50,,1730,160,,,0,93,,1726,450,,,0,82,,1731,160,,,0,98,,1727,450,,,0,99,,1728,450,,,0,102,,1729,450,,,0
2002001,'Fête-2-01',543,,2152,310,,,0,90,,2153,310,,,0,25,,2154,310,,,0,68,,2155,310,,,0,30,,2156,310,,,0
2002001,'Semaine-01',543,,1798,310,,,0,90,,1799,310,,,0,25,,1800,310,,,0,68,,1801,310,,,0,30,,1802,310,,,0
2000002301,'Fête-2-01',1342,,2158,320,,,0
2000002301,'Semaine-01',1342,,1804,320,,,0
