2301,'Fête-2-01',539,,1850,290,,,0,88,,1851,290,,,0,23,,1852,290,,,0,70,,1853,290,,,0,35,,1854,290,,,0
2301,'Semaine-01',539,,1431,290,,,0,88,,1432,290,,,0,23,,1433,290,,,0,70,,1434,290,,,0,35,,1435,290,,,0
20001,'Fête-1-01',618,,1996,410,,,0,101,,1980,410,0,9 7 8,0,101,,1981,410,0,9 7 8,0,102,,1982,410,0,9 7 8,0,29,,1997,410,,,0,71,,1983,410,0,9 7 8,0,29,,1998,410,,,0,71,,1984,410,0,9 7 8,0,29,,1999,410,,,0,71,,1985,410,0,9 7 8,0,29,,2000,410,,,0,71,,1986,410,0,9 7 8,0,29,,2001,410,,,0,71,,1987,410,0,9 7 8,0,29,,2002,410,,,0,71,,1988,410,0,9 7 8,0,29,,2003,410,,,0,71,,1989,410,0,9 7 8,0,30,,1990,410,0,9 7 8,0,100,,1991,410,0,9 7 8,0,98,,1992,410,0,9 7 8,0,99,,1993,410,0,9 7 8,0,100,,1994,410,0,9 7 8,0,99,,1995,410,0,9 7 8,0,100,,2004,410,,,0,100,,2005,410,,,0,100,,2006,410,,,0
20001,'Fête-2-01',521,,2050,120,,,0,13,,2038,410,,,0,15,,2041,410,,,0,55,,2045,410,,,0,15,,2046,410,,,0,16,,2034,410,,,0,17,,2049,410,,,0,54,,2008,410,0,9 7 8,0,16,,2033,410,,,0,14,,2009,410,0,9 7 8,0,16,,2032,410,,,0,56,,2010,410,0,9 7 8,0,15,,2031,410,,,0,15,,2007,410,0,9 7 8,0,14,,2035,410,,,0,55,,2011,410,0,9 7 8,0,30,,2047,410,,,0,69,,2022,410,0,9 7 8,0,31,,2048,410,,,0,69,,2024,410,0,9 7 8,0,30,,2036,410,,,0,72,,2025,410,0,9 7 8,0,30,,2026,410,0,9 7 8,0,69,,2027,410,0,9 7 8,0,29,,2037,410,,,0,71,,2028,410,0,9 7 8,0,30,,2039,410,,,0,71,,2029,410,0,9 7 8,0,31,,2040,410,,,0,70,,2030,410,0,9 7 8,0,33,,2012,410,0,9 7 8,0,69,,2013,410,0,9 7 8,0,27,,2014,410,0,9 7 8,0,69,,2015,410,0,9 7 8,0,29,,2016,410,0,9 7 8,0,68,,2017,410,0,9 7 8,0,30,,2018,410,0,9 7 8,0,68,,2019,410,0,9 7 8,0,30,,2020,410,0,9 7 8,0,70,,2021,410,0,9 7 8,0,30,,2023,410,0,9 7 8,0,100,,2042,410,,,0,99,,2043,410,,,0,90,,2044,410,,,0
20001,'Semaine-01',521,,1664,120,,,0,13,,1644,410,,,0,15,,1650,410,,,0,55,,1659,410,,,0,15,,1660,410,,,0,19,,1640,410,,,0,14,,1663,410,,,0,54,,1614,410,0,9 7 8,0,16,,1639,410,,,0,14,,1615,410,0,9 7 8,0,16,,1638,410,,,0,56,,1616,410,0,9 7 8,0,8,,2051,410,,,0,7,,1637,410,,,0,14,,1613,410,0,9 7 8,0,15,,1641,410,,,0,57,,1617,410,0,9 7 8,0,28,,1661,410,,,0,69,,1628,410,0,9 7 8,0,31,,1662,410,,,0,69,,1630,410,0,9 7 8,0,30,,1642,410,,,0,16,,2056,410,,,0,56,,1631,410,0,9 7 8,0,30,,1632,410,0,9 7 8,0,14,,2055,410,,,0,55,,1633,410,0,9 7 8,0,29,,1643,410,,,0,71,,1634,410,0,9 7 8,0,30,,1647,410,,,0,20,,2053,410,,,0,51,,1635,410,0,9 7 8,0,16,,2052,410,,,0,15,,1648,410,,,0,15,,2057,410,,,0,55,,1636,410,0,9 7 8,0,17,,2063,410,,,0,16,,1618,410,0,9 7 8,0,16,,2058,410,,,0,53,,1619,410,0,9 7 8,0,13,,2059,410,,,0,13,,1620,410,0,9 7 8,0,17,,2060,410,,,0,53,,1621,410,0,9 7 8,0,15,,2061,410,,,0,9,,1622,410,0,9 7 8,0,11,,2054,410,,,0,7,,2062,410,,,0,55,,1623,410,0,9 7 8,0,30,,1624,410,0,9 7 8,0,68,,1625,410,0,9 7 8,0,30,,1626,410,0,9 7 8,0,70,,1627,410,0,9 7 8,0,30,,1629,410,0,9 7 8,0,100,,1656,410,,,0,99,,1657,410,,,0,90,,1658,410,,,0
20001,'Week-end-01',618,,1682,410,,,0,101,,1666,410,0,9 7 8,0,101,,1667,410,0,9 7 8,0,102,,1668,410,0,9 7 8,0,29,,1683,410,,,0,71,,1669,410,0,9 7 8,0,29,,1684,410,,,0,71,,1670,410,0,9 7 8,0,29,,1685,410,,,0,71,,1671,410,0,9 7 8,0,29,,1686,410,,,0,71,,1672,410,0,9 7 8,0,29,,1687,410,,,0,71,,1673,410,0,9 7 8,0,29,,1688,410,,,0,71,,1674,410,0,9 7 8,0,29,,1689,410,,,0,71,,1675,410,0,9 7 8,0,30,,1676,410,0,9 7 8,0,100,,1677,410,0,9 7 8,0,98,,1678,410,0,9 7 8,0,99,,1679,410,0,9 7 8,0,100,,1680,410,0,9 7 8,0,99,,1681,410,0,9 7 8,0,100,,1690,410,,,0,100,,1691,410,,,0,100,,1692,410,,,0
30001,'Fête-2-01',700,,2087,130,,,0,50,,2085,130,,,0,93,,2081,420,,,0,82,,2086,130,,,0,98,,2082,420,,,0,100,,2083,420,,,0,102,,2084,420,,,0
30001,'Semaine-01',700,,1732,130,,,0,50,,1730,130,,,0,93,,1726,420,,,0,82,,1731,130,,,0,98,,1727,420,,,0,100,,1728,420,,,0,102,,1729,420,,,0
2000002301,'Fête-2-01',1339,,2158,290,,,0
2000002301,'Semaine-01',1339,,1804,290,,,0
