2300,'Fête-2-01',1638,,1845,80,,,0,80,,1846,80,,,0,19,,1847,80,,,0,70,,1848,80,,,0,40,,1849,80,,,0
2300,'Semaine-01',1638,,1426,80,,,0,80,,1427,80,,,0,19,,1428,80,,,0,70,,1429,80,,,0,40,,1430,80,,,0
20000,'Fête-1-01',644,,1901,240,,,0,100,,1902,240,,,0,109,,1885,280,0,6 7 8,0,100,,1886,280,0,6 7 8,0,100,,1887,280,0,6 7 8,0,62,,1903,240,,,0,39,,1888,280,0,6 7 8,0,61,,1904,240,,,0,39,,1889,280,0,6 7 8,0,61,,1905,240,,,0,39,,1890,280,0,6 7 8,0,61,,1906,240,,,0,39,,1891,280,0,6 7 8,0,61,,1907,240,,,0,39,,1892,280,0,6 7 8,0,61,,1908,240,,,0,39,,1893,280,0,6 7 8,0,70,,1894,280,0,6 7 8,0,29,,1895,280,0,6 7 8,0,70,,1896,280,0,6 7 8,0,100,,1897,280,0,6 7 8,0,99,,1898,280,0,6 7 8,0,100,,1899,280,0,6 7 8,0,100,,1900,280,0,6 7 8,0,92,,1909,240,,,0,99,,1910,240,,,0,100,,1911,240,,,0,90,,1912,240,,,0
20000,'Fête-2-01',621,,1940,240,,,0,32,,1955,240,,,0,71,,1960,240,,,0,21,,1915,280,0,6 7 8,0,10,,1961,240,,,0,70,,1962,240,,,0,10,,1941,240,,,0,15,,1942,240,,,0,62,,1925,280,0,6 7 8,0,6,,1943,240,,,0,23,,1930,280,0,6 7 8,0,62,,1944,240,,,0,39,,1931,280,0,6 7 8,0,61,,1945,240,,,0,39,,1932,280,0,6 7 8,0,61,,1946,240,,,0,39,,1933,280,0,6 7 8,0,64,,1937,260,,,0,35,,1934,280,0,6 7 8,0,7,,1947,240,,,0,55,,1948,240,,,0,39,,1935,280,0,6 7 8,0,62,,1949,240,,,0,40,,1936,280,0,6 7 8,0,5,,1950,240,,,0,70,,1913,300,0,6 7 8,0,2,,1951,240,,,0,26,,1916,280,0,6 7 8,0,56,,1938,260,,,0,16,,1917,280,0,6 7 8,0,5,,1952,240,,,0,23,,1918,280,0,6 7 8,0,5,,1953,240,,,0,68,,1954,240,,,0,1,,1914,300,0,6 7 8,0,23,,1919,280,0,6 7 8,0,4,,1956,240,,,0,64,,1920,280,0,6 7 8,0,9,,1939,260,,,0,21,,1921,280,0,6 7 8,0,70,,1922,280,0,6 7 8,0,30,,1923,280,0,6 7 8,0,66,,1924,280,0,6 7 8,0,30,,1926,280,0,6 7 8,0,68,,1927,280,0,6 7 8,0,30,,1928,280,0,6 7 8,0,69,,1929,280,0,6 7 8,0,52,,1957,240,,,0,100,,1958,240,,,0,80,,1959,240,,,0
20000,'Semaine-01',621,,1526,240,,,0,17,,1977,240,,,0,10,,1967,240,,,0,5,,1544,240,,,0,5,,1965,240,,,0,43,,1979,200,0,6 7 8,0,3,,1966,240,,,0,5,,1549,240,,,0,5,,1978,240,,,0,10,,1551,240,,,0,21,,1500,280,0,6 7 8,0,10,,1552,240,,,0,55,,1553,240,,,0,15,,1554,240,,,0,10,,1972,240,,,0,10,,1494,240,,,0,10,,1973,240,,,0,57,,1510,280,0,6 7 8,0,6,,1974,240,,,0,23,,1516,280,0,6 7 8,0,62,,1530,240,,,0,19,,1963,280,0,6 7 8,0,10,,1969,280,0,6 7 8,0,10,,1517,280,0,6 7 8,0,61,,1531,240,,,0,39,,1518,280,0,6 7 8,0,61,,1532,240,,,0,39,,1519,280,0,6 7 8,0,6,,1975,240,,,0,58,,1523,260,,,0,35,,1520,280,0,6 7 8,0,7,,1976,240,,,0,55,,1537,240,,,0,39,,1521,280,0,6 7 8,0,62,,1538,240,,,0,15,,1964,240,,,0,25,,1522,280,0,6 7 8,0,5,,1539,240,,,0,67,,1970,240,,,0,5,,1540,240,,,0,1,,1498,300,0,6 7 8,0,20,,1501,280,0,6 7 8,0,5,,1534,240,,,0,66,,1502,280,0,6 7 8,0,2,,1524,260,,,0,4,,1968,240,,,0,5,,1541,240,,,0,23,,1503,280,0,6 7 8,0,5,,1542,240,,,0,68,,1543,240,,,0,1,,1499,300,0,6 7 8,0,23,,1504,280,0,6 7 8,0,4,,1545,240,,,0,64,,1505,280,0,6 7 8,0,9,,1525,260,,,0,21,,1506,280,0,6 7 8,0,70,,1507,280,0,6 7 8,0,30,,1508,280,0,6 7 8,0,66,,1509,280,0,6 7 8,0,30,,1511,280,0,6 7 8,0,15,,1971,280,0,6 7 8,0,53,,1513,280,0,6 7 8,0,30,,1514,280,0,6 7 8,0,69,,1515,280,0,6 7 8,0,52,,1546,240,,,0,100,,1547,240,,,0,80,,1548,240,,,0
20000,'Week-end-01',644,,1572,240,,,0,100,,1573,240,,,0,109,,1556,280,0,6 7 8,0,100,,1557,280,0,6 7 8,0,100,,1558,280,0,6 7 8,0,62,,1574,240,,,0,39,,1559,280,0,6 7 8,0,61,,1575,240,,,0,39,,1560,280,0,6 7 8,0,61,,1576,240,,,0,39,,1561,280,0,6 7 8,0,61,,1577,240,,,0,39,,1562,280,0,6 7 8,0,61,,1578,240,,,0,39,,1563,280,0,6 7 8,0,61,,1579,240,,,0,39,,1564,280,0,6 7 8,0,70,,1565,280,0,6 7 8,0,29,,1566,280,0,6 7 8,0,70,,1567,280,0,6 7 8,0,100,,1568,280,0,6 7 8,0,99,,1569,280,0,6 7 8,0,100,,1570,280,0,6 7 8,0,100,,1571,280,0,6 7 8,0,92,,1580,240,,,0,99,,1581,240,,,0,100,,1582,240,,,0,90,,1583,240,,,0
30000,'Fête-2-01',1428,,2075,200,,,0,85,,2076,200,,,0,95,,2078,200,0,5,0,107,,2079,200,,,0,98,,2074,200,0,5,0,100,,2080,200,,,0,45,,2077,200,0,5,0
30000,'Semaine-01',1428,,1716,200,,,0,85,,1717,200,,,0,95,,1719,200,0,5,0,107,,1720,200,,,0,98,,1713,200,0,5,0,100,,1721,200,0,5,0,45,,1718,200,0,5,0
2000002300,'Fête-2-01',1315,,2157,80,,,0
2000002300,'Semaine-01',1315,,1803,80,,,0
