2500,'Fête-2-01',511,,1865,30,,,0,90,,1866,30,,,0,23,,1867,30,,,0,32,,1868,30,,,0,70,,1869,30,,,0
2500,'Semaine-01',511,,1446,30,,,0,90,,1447,30,,,0,23,,1448,30,,,0,32,,1449,30,,,0,70,,1450,30,,,0
2501,'Fête-2-01',1710,,1870,100,,,0,40,,1871,100,,,0,60,,1872,100,,,0,30,,1873,100,,,0,80,,1874,100,,,0
2501,'Semaine-01',1710,,1451,100,,,0,40,,1452,100,,,0,60,,1453,100,,,0,30,,1454,100,,,0,80,,1455,100,,,0
20000,'Fête-1-01',716,,1901,630,4,,0,102,,1902,630,4,,0,110,,1885,670,4,,0,102,,1886,670,4,,0,100,,1887,670,4,,0,21,,1903,630,4,,0,80,,1888,670,4,,0,20,,1904,630,4,,0,80,,1889,670,4,,0,20,,1905,630,4,,0,80,,1890,670,4,,0,20,,1906,630,4,,0,80,,1891,670,4,,0,20,,1907,630,4,,0,80,,1892,670,4,,0,20,,1908,630,4,,0,80,,1893,670,4,,0,70,,1894,670,4,,0,28,,1895,670,4,,0,30,,1896,670,4,,0,100,,1897,670,4,,0,98,,1898,670,4,,0,100,,1899,670,4,,0,98,,1900,670,4,,0,91,,1909,630,4,,0,99,,1910,630,4,,0,100,,1911,630,4,,0,90,,1912,630,4,,0
20000,'Fête-2-01',656,,1940,630,4,,0,72,,1955,630,4,,0,31,,1960,630,4,,0,65,,1915,670,4,,0,7,,1961,630,4,,0,70,,1962,630,4,,0,10,,1941,630,4,,0,15,,1942,630,4,,0,23,,1925,670,4,,0,4,,1943,630,4,,0,63,,1930,670,4,,0,22,,1944,630,4,,0,80,,1931,670,4,,0,20,,1945,630,4,,0,80,,1932,670,4,,0,20,,1946,630,4,,0,80,,1933,670,4,,0,22,,1937,650,4,,0,78,,1934,670,4,,0,5,,1947,630,4,,0,15,,1948,630,4,,0,83,,1935,670,4,,0,21,,1949,630,4,,0,82,,1950,630,4,,0,2,,1936,670,4,,0,74,,1913,690,4,,0,2,,1951,630,4,,0,26,,1916,670,4,,0,14,,1938,650,4,,0,16,,1917,670,4,,0,45,,1952,630,4,,0,21,,1918,670,4,,0,5,,1953,630,4,,0,28,,1954,630,4,,0,43,,1914,690,4,,0,21,,1919,670,4,,0,1,,1956,630,4,,0,27,,1920,670,4,,0,6,,1939,650,4,,0,64,,1921,670,4,,0,30,,1922,670,4,,0,70,,1923,670,4,,0,24,,1924,670,4,,0,70,,1926,670,4,,0,27,,1927,670,4,,0,68,,1928,670,4,,0,28,,1929,670,4,,0,94,,1957,630,4,,0,100,,1958,630,4,,0,80,,1959,630,4,,0
20000,'Semaine-01',656,,1526,630,4,,0,57,,1977,630,4,,0,10,,1967,630,4,,0,5,,1544,630,4,,0,5,,1965,630,4,,0,3,,1979,590,4,,0,3,,1966,630,4,,0,5,,1549,630,4,,0,5,,1978,630,4,,0,10,,1551,630,4,,0,65,,1500,670,4,,0,7,,1552,630,4,,0,15,,1553,630,4,,0,55,,1554,630,4,,0,10,,1972,630,4,,0,10,,1494,630,4,,0,10,,1973,630,4,,0,18,,1510,670,4,,0,4,,1974,630,4,,0,63,,1516,670,4,,0,22,,1530,630,4,,0,20,,1963,670,4,,0,50,,1969,670,4,,0,10,,1517,670,4,,0,20,,1531,630,4,,0,80,,1518,670,4,,0,20,,1532,630,4,,0,80,,1519,670,4,,0,5,,1975,630,4,,0,17,,1523,650,4,,0,78,,1520,670,4,,0,5,,1976,630,4,,0,15,,1537,630,4,,0,83,,1521,670,4,,0,21,,1538,630,4,,0,15,,1964,630,4,,0,67,,1539,630,4,,0,2,,1522,670,4,,0,30,,1970,630,4,,0,46,,1540,630,4,,0,1,,1498,690,4,,0,20,,1501,670,4,,0,6,,1534,630,4,,0,24,,1502,670,4,,0,1,,1524,650,4,,0,4,,1968,630,4,,0,45,,1541,630,4,,0,21,,1503,670,4,,0,5,,1542,630,4,,0,28,,1543,630,4,,0,43,,1499,690,4,,0,21,,1504,670,4,,0,1,,1545,630,4,,0,27,,1505,670,4,,0,6,,1525,650,4,,0,64,,1506,670,4,,0,30,,1507,670,4,,0,70,,1508,670,4,,0,24,,1509,670,4,,0,70,,1511,670,4,,0,14,,1971,670,4,,0,13,,1513,670,4,,0,68,,1514,670,4,,0,28,,1515,670,4,,0,94,,1546,630,4,,0,100,,1547,630,4,,0,80,,1548,630,4,,0
20000,'Week-end-01',716,,1572,630,4,,0,102,,1573,630,4,,0,110,,1556,670,4,,0,102,,1557,670,4,,0,100,,1558,670,4,,0,21,,1574,630,4,,0,80,,1559,670,4,,0,20,,1575,630,4,,0,80,,1560,670,4,,0,20,,1576,630,4,,0,80,,1561,670,4,,0,20,,1577,630,4,,0,80,,1562,670,4,,0,20,,1578,630,4,,0,80,,1563,670,4,,0,20,,1579,630,4,,0,80,,1564,670,4,,0,70,,1565,670,4,,0,28,,1566,670,4,,0,30,,1567,670,4,,0,100,,1568,670,4,,0,98,,1569,670,4,,0,100,,1570,670,4,,0,98,,1571,670,4,,0,91,,1580,630,4,,0,99,,1581,630,4,,0,100,,1582,630,4,,0,90,,1583,630,4,,0
20001,'Fête-1-01',545,,1996,10,,,0,100,,1980,10,0,9 7 8,0,100,,1981,10,0,9 7 8,0,100,,1982,10,0,9 7 8,0,70,,1997,10,,,0,30,,1983,10,0,9 7 8,0,70,,1998,10,,,0,30,,1984,10,0,9 7 8,0,70,,1999,10,,,0,30,,1985,10,0,9 7 8,0,70,,2000,10,,,0,30,,1986,10,0,9 7 8,0,70,,2001,10,,,0,30,,1987,10,0,9 7 8,0,70,,2002,10,,,0,30,,1988,10,0,9 7 8,0,70,,2003,10,,,0,30,,1989,10,0,9 7 8,0,70,,1990,10,0,9 7 8,0,100,,1991,10,0,9 7 8,0,100,,1992,10,0,9 7 8,0,100,,1993,10,0,9 7 8,0,100,,1994,10,0,9 7 8,0,100,,1995,10,0,9 7 8,0,100,,2004,10,,,0,100,,2005,10,,,0,100,,2006,10,,,0
20001,'Fête-2-01',500,,2038,10,,,0,15,,2041,10,,,0,15,,2045,10,,,0,15,,2046,10,,,0,55,,2034,10,,,0,15,,2049,10,,,0,15,,2008,10,0,9 7 8,0,15,,2033,10,,,0,55,,2009,10,0,9 7 8,0,15,,2032,10,,,0,15,,2010,10,0,9 7 8,0,15,,2031,10,,,0,55,,2007,10,0,9 7 8,0,15,,2035,10,,,0,15,,2011,10,0,9 7 8,0,70,,2047,10,,,0,30,,2022,10,0,9 7 8,0,70,,2048,10,,,0,30,,2024,10,0,9 7 8,0,70,,2036,10,,,0,30,,2025,10,0,9 7 8,0,70,,2026,10,0,9 7 8,0,30,,2027,10,0,9 7 8,0,70,,2037,10,,,0,30,,2028,10,0,9 7 8,0,70,,2039,10,,,0,30,,2029,10,0,9 7 8,0,70,,2040,10,,,0,30,,2030,10,0,9 7 8,0,70,,2012,10,0,9 7 8,0,30,,2013,10,0,9 7 8,0,70,,2014,10,0,9 7 8,0,30,,2015,10,0,9 7 8,0,70,,2016,10,0,9 7 8,0,30,,2017,10,0,9 7 8,0,70,,2018,10,0,9 7 8,0,30,,2019,10,0,9 7 8,0,70,,2020,10,0,9 7 8,0,30,,2021,10,0,9 7 8,0,70,,2023,10,0,9 7 8,0,100,,2042,10,,,0,100,,2043,10,,,0,50,,2044,10,,,0
20001,'Semaine-01',500,,1644,10,,,0,15,,1650,10,,,0,15,,1659,10,,,0,15,,1660,10,,,0,58,,1640,10,,,0,12,,1663,10,,,0,15,,1614,10,0,9 7 8,0,15,,1639,10,,,0,55,,1615,10,0,9 7 8,0,15,,1638,10,,,0,15,,1616,10,0,9 7 8,0,10,,2051,10,,,0,5,,1637,10,,,0,14,,1613,10,0,9 7 8,0,56,,1641,10,,,0,17,,1617,10,0,9 7 8,0,68,,1661,10,,,0,30,,1628,10,0,9 7 8,0,70,,1662,10,,,0,30,,1630,10,0,9 7 8,0,70,,1642,10,,,0,15,,2056,10,,,0,15,,1631,10,0,9 7 8,0,70,,1632,10,0,9 7 8,0,15,,2055,10,,,0,15,,1633,10,0,9 7 8,0,70,,1643,10,,,0,30,,1634,10,0,9 7 8,0,70,,1647,10,,,0,20,,2053,10,,,0,10,,1635,10,0,9 7 8,0,15,,2052,10,,,0,55,,1648,10,,,0,15,,2057,10,,,0,15,,1636,10,0,9 7 8,0,15,,2063,10,,,0,55,,1618,10,0,9 7 8,0,15,,2058,10,,,0,15,,1619,10,0,9 7 8,0,15,,2059,10,,,0,14,,1620,10,0,9 7 8,0,56,,2060,10,,,0,15,,1621,10,0,9 7 8,0,15,,2061,10,,,0,10,,1622,10,0,9 7 8,0,51,,2054,10,,,0,9,,2062,10,,,0,15,,1623,10,0,9 7 8,0,70,,1624,10,0,9 7 8,0,30,,1625,10,0,9 7 8,0,70,,1626,10,0,9 7 8,0,30,,1627,10,0,9 7 8,0,70,,1629,10,0,9 7 8,0,100,,1656,10,,,0,100,,1657,10,,,0,50,,1658,10,,,0
20001,'Week-end-01',545,,1682,10,,,0,100,,1666,10,0,9 7 8,0,100,,1667,10,0,9 7 8,0,100,,1668,10,0,9 7 8,0,70,,1683,10,,,0,30,,1669,10,0,9 7 8,0,70,,1684,10,,,0,30,,1670,10,0,9 7 8,0,70,,1685,10,,,0,30,,1671,10,0,9 7 8,0,70,,1686,10,,,0,30,,1672,10,0,9 7 8,0,70,,1687,10,,,0,30,,1673,10,0,9 7 8,0,70,,1688,10,,,0,30,,1674,10,0,9 7 8,0,70,,1689,10,,,0,30,,1675,10,0,9 7 8,0,70,,1676,10,0,9 7 8,0,100,,1677,10,0,9 7 8,0,100,,1678,10,0,9 7 8,0,100,,1679,10,0,9 7 8,0,100,,1680,10,0,9 7 8,0,100,,1681,10,0,9 7 8,0,100,,1690,10,,,0,100,,1691,10,,,0,100,,1692,10,,,0
30000,'Fête-2-01',1505,,2075,600,4,,0,45,,2076,600,4,,0,202,,2079,600,4,,0
30000,'Semaine-01',1505,,1716,600,4,,0,45,,1717,600,4,,0,202,,1720,600,4,,0
30001,'Fête-2-01',805,,2081,10,,,0,140,,2082,10,,,0,100,,2083,10,,,0,100,,2084,10,,,0
30001,'Semaine-01',805,,1726,10,,,0,140,,1727,10,,,0,100,,1728,10,,,0,100,,1729,10,,,0
