2300,'Fête-2-01',1634,,1845,30,,,0,80,,1846,30,,,0,20,,1847,30,,,0,70,,1848,30,,,0,40,,1849,30,,,0
2300,'Semaine-01',1634,,1426,30,,,0,80,,1427,30,,,0,20,,1428,30,,,0,70,,1429,30,,,0,40,,1430,30,,,0
20000,'Fête-1-01',641,,1901,180,,,0,100,,1902,180,,,0,109,,1885,220,0,6 7 8,0,100,,1886,220,0,6 7 8,0,100,,1887,220,0,6 7 8,0,62,,1903,180,,,0,39,,1888,220,0,6 7 8,0,61,,1904,180,,,0,39,,1889,220,0,6 7 8,0,61,,1905,180,,,0,39,,1890,220,0,6 7 8,0,61,,1906,180,,,0,39,,1891,220,0,6 7 8,0,61,,1907,180,,,0,39,,1892,220,0,6 7 8,0,61,,1908,180,,,0,39,,1893,220,0,6 7 8,0,70,,1894,220,0,6 7 8,0,29,,1895,220,0,6 7 8,0,70,,1896,220,0,6 7 8,0,100,,1897,220,0,6 7 8,0,99,,1898,220,0,6 7 8,0,100,,1899,220,0,6 7 8,0,100,,1900,220,0,6 7 8,0,92,,1909,180,,,0,99,,1910,180,,,0,100,,1911,180,,,0,90,,1912,180,,,0
20000,'Fête-2-01',617,,1940,180,,,0,32,,1955,180,,,0,71,,1960,180,,,0,22,,1915,220,0,6 7 8,0,9,,1961,180,,,0,70,,1962,180,,,0,10,,1941,180,,,0,15,,1942,180,,,0,63,,1925,220,0,6 7 8,0,5,,1943,180,,,0,24,,1930,220,0,6 7 8,0,21,,1944,180,,,0,80,,1931,220,0,6 7 8,0,20,,1945,180,,,0,80,,1932,220,0,6 7 8,0,20,,1946,180,,,0,80,,1933,220,0,6 7 8,0,63,,1937,200,,,0,36,,1934,220,0,6 7 8,0,5,,1947,180,,,0,15,,1948,180,,,0,81,,1935,220,0,6 7 8,0,61,,1949,180,,,0,41,,1936,220,0,6 7 8,0,4,,1950,180,,,0,70,,1913,240,0,6 7 8,0,2,,1951,180,,,0,26,,1916,220,0,6 7 8,0,14,,1938,200,,,0,57,,1917,220,0,6 7 8,0,6,,1952,180,,,0,24,,1918,220,0,6 7 8,0,4,,1953,180,,,0,68,,1954,180,,,0,2,,1914,240,0,6 7 8,0,23,,1919,220,0,6 7 8,0,3,,1956,180,,,0,65,,1920,220,0,6 7 8,0,8,,1939,200,,,0,22,,1921,220,0,6 7 8,0,70,,1922,220,0,6 7 8,0,30,,1923,220,0,6 7 8,0,66,,1924,220,0,6 7 8,0,30,,1926,220,0,6 7 8,0,68,,1927,220,0,6 7 8,0,30,,1928,220,0,6 7 8,0,69,,1929,220,0,6 7 8,0,53,,1957,180,,,0,100,,1958,180,,,0,80,,1959,180,,,0
20000,'Semaine-01',617,,1526,180,,,0,17,,1977,180,,,0,10,,1967,180,,,0,5,,1544,180,,,0,5,,1965,180,,,0,4,,1979,140,0,6 7 8,0,42,,1966,180,,,0,5,,1549,180,,,0,5,,1978,180,,,0,10,,1551,180,,,0,22,,1500,220,0,6 7 8,0,9,,1552,180,,,0,55,,1553,180,,,0,15,,1554,180,,,0,10,,1972,180,,,0,10,,1494,180,,,0,10,,1973,180,,,0,58,,1510,220,0,6 7 8,0,5,,1974,180,,,0,24,,1516,220,0,6 7 8,0,21,,1530,180,,,0,60,,1963,220,0,6 7 8,0,10,,1969,220,0,6 7 8,0,10,,1517,220,0,6 7 8,0,20,,1531,180,,,0,80,,1518,220,0,6 7 8,0,20,,1532,180,,,0,80,,1519,220,0,6 7 8,0,5,,1975,180,,,0,58,,1523,200,,,0,36,,1520,220,0,6 7 8,0,5,,1976,180,,,0,15,,1537,180,,,0,81,,1521,220,0,6 7 8,0,61,,1538,180,,,0,15,,1964,180,,,0,26,,1522,220,0,6 7 8,0,4,,1539,180,,,0,67,,1970,180,,,0,5,,1540,180,,,0,1,,1498,240,0,6 7 8,0,20,,1501,220,0,6 7 8,0,5,,1534,180,,,0,66,,1524,200,,,0,6,,1968,180,,,0,5,,1541,180,,,0,24,,1503,220,0,6 7 8,0,4,,1542,180,,,0,68,,1543,180,,,0,2,,1499,240,0,6 7 8,0,23,,1504,220,0,6 7 8,0,3,,1545,180,,,0,65,,1505,220,0,6 7 8,0,8,,1525,200,,,0,22,,1506,220,0,6 7 8,0,70,,1507,220,0,6 7 8,0,30,,1508,220,0,6 7 8,0,66,,1509,220,0,6 7 8,0,30,,1511,220,0,6 7 8,0,15,,1971,220,0,6 7 8,0,53,,1513,220,0,6 7 8,0,30,,1514,220,0,6 7 8,0,69,,1515,220,0,6 7 8,0,53,,1546,180,,,0,100,,1547,180,,,0,80,,1548,180,,,0
20000,'Week-end-01',641,,1572,180,,,0,100,,1573,180,,,0,109,,1556,220,0,6 7 8,0,100,,1557,220,0,6 7 8,0,100,,1558,220,0,6 7 8,0,62,,1574,180,,,0,39,,1559,220,0,6 7 8,0,61,,1575,180,,,0,39,,1560,220,0,6 7 8,0,61,,1576,180,,,0,39,,1561,220,0,6 7 8,0,61,,1577,180,,,0,39,,1562,220,0,6 7 8,0,61,,1578,180,,,0,39,,1563,220,0,6 7 8,0,61,,1579,180,,,0,39,,1564,220,0,6 7 8,0,70,,1565,220,0,6 7 8,0,29,,1566,220,0,6 7 8,0,70,,1567,220,0,6 7 8,0,100,,1568,220,0,6 7 8,0,99,,1569,220,0,6 7 8,0,100,,1570,220,0,6 7 8,0,100,,1571,220,0,6 7 8,0,92,,1580,180,,,0,99,,1581,180,,,0,100,,1582,180,,,0,90,,1583,180,,,0
20100,'Semaine-01',1556,,2067,90,4,,0,76,,2064,90,4,,0,15,,1694,90,4,,0,5,,2065,90,4,,0,55,,2068,90,4,,0,19,,1701,90,4,,0,20,,2069,90,4,,0,6,,1695,90,4,,0,65,,1696,90,4,,0,30,,2066,90,4,,0
30000,'Fête-2-01',1425,,2075,140,,,0,85,,2076,140,,,0,95,,2078,140,0,5,0,107,,2079,140,,,0,98,,2074,140,0,5,0,100,,2080,140,,,0,45,,2077,140,0,5,0
30000,'Semaine-01',1425,,1716,140,,,0,85,,1717,140,,,0,95,,1719,140,0,5,0,107,,1720,140,,,0,98,,1713,140,0,5,0,100,,1721,140,0,5,0,45,,1718,140,0,5,0
2000002300,'Fête-2-01',1313,,2157,30,,,0
2000002300,'Semaine-01',1313,,1803,30,,,0
