2301,'Fête-2-01',539,,1850,280,,,0,88,,1851,280,,,0,23,,1852,280,,,0,70,,1853,280,,,0,35,,1854,280,,,0
2301,'Semaine-01',539,,1431,280,,,0,88,,1432,280,,,0,23,,1433,280,,,0,70,,1434,280,,,0,35,,1435,280,,,0
20001,'Fête-1-01',618,,1996,400,,,0,101,,1980,400,0,9 7 8,0,101,,1981,400,0,9 7 8,0,102,,1982,400,0,9 7 8,0,29,,1997,400,,,0,71,,1983,400,0,9 7 8,0,29,,1998,400,,,0,71,,1984,400,0,9 7 8,0,29,,1999,400,,,0,71,,1985,400,0,9 7 8,0,29,,2000,400,,,0,71,,1986,400,0,9 7 8,0,29,,2001,400,,,0,71,,1987,400,0,9 7 8,0,29,,2002,400,,,0,71,,1988,400,0,9 7 8,0,29,,2003,400,,,0,71,,1989,400,0,9 7 8,0,30,,1990,400,0,9 7 8,0,100,,1991,400,0,9 7 8,0,98,,1992,400,0,9 7 8,0,99,,1993,400,0,9 7 8,0,100,,1994,400,0,9 7 8,0,99,,1995,400,0,9 7 8,0,100,,2004,400,,,0,100,,2005,400,,,0,100,,2006,400,,,0
20001,'Fête-2-01',521,,2050,110,,,0,13,,2038,400,,,0,15,,2041,400,,,0,55,,2045,400,,,0,15,,2046,400,,,0,16,,2034,400,,,0,17,,2049,400,,,0,54,,2008,400,0,9 7 8,0,16,,2033,400,,,0,14,,2009,400,0,9 7 8,0,16,,2032,400,,,0,56,,2010,400,0,9 7 8,0,15,,2031,400,,,0,15,,2007,400,0,9 7 8,0,14,,2035,400,,,0,55,,2011,400,0,9 7 8,0,30,,2047,400,,,0,69,,2022,400,0,9 7 8,0,31,,2048,400,,,0,69,,2024,400,0,9 7 8,0,30,,2036,400,,,0,72,,2025,400,0,9 7 8,0,30,,2026,400,0,9 7 8,0,69,,2027,400,0,9 7 8,0,29,,2037,400,,,0,71,,2028,400,0,9 7 8,0,30,,2039,400,,,0,71,,2029,400,0,9 7 8,0,31,,2040,400,,,0,70,,2030,400,0,9 7 8,0,33,,2012,400,0,9 7 8,0,69,,2013,400,0,9 7 8,0,27,,2014,400,0,9 7 8,0,69,,2015,400,0,9 7 8,0,29,,2016,400,0,9 7 8,0,68,,2017,400,0,9 7 8,0,30,,2018,400,0,9 7 8,0,68,,2019,400,0,9 7 8,0,30,,2020,400,0,9 7 8,0,70,,2021,400,0,9 7 8,0,30,,2023,400,0,9 7 8,0,100,,2042,400,,,0,99,,2043,400,,,0,90,,2044,400,,,0
20001,'Semaine-01',521,,1664,110,,,0,13,,1644,400,,,0,15,,1650,400,,,0,55,,1659,400,,,0,15,,1660,400,,,0,19,,1640,400,,,0,14,,1663,400,,,0,54,,1614,400,0,9 7 8,0,16,,1639,400,,,0,14,,1615,400,0,9 7 8,0,16,,1638,400,,,0,56,,1616,400,0,9 7 8,0,8,,2051,400,,,0,7,,1637,400,,,0,14,,1613,400,0,9 7 8,0,15,,1641,400,,,0,57,,1617,400,0,9 7 8,0,28,,1661,400,,,0,69,,1628,400,0,9 7 8,0,31,,1662,400,,,0,69,,1630,400,0,9 7 8,0,30,,1642,400,,,0,16,,2056,400,,,0,56,,1631,400,0,9 7 8,0,30,,1632,400,0,9 7 8,0,14,,2055,400,,,0,55,,1633,400,0,9 7 8,0,29,,1643,400,,,0,71,,1634,400,0,9 7 8,0,30,,1647,400,,,0,20,,2053,400,,,0,51,,1635,400,0,9 7 8,0,16,,2052,400,,,0,15,,1648,400,,,0,15,,2057,400,,,0,55,,1636,400,0,9 7 8,0,17,,2063,400,,,0,16,,1618,400,0,9 7 8,0,16,,2058,400,,,0,53,,1619,400,0,9 7 8,0,13,,2059,400,,,0,13,,1620,400,0,9 7 8,0,17,,2060,400,,,0,53,,1621,400,0,9 7 8,0,15,,2061,400,,,0,9,,1622,400,0,9 7 8,0,11,,2054,400,,,0,7,,2062,400,,,0,55,,1623,400,0,9 7 8,0,30,,1624,400,0,9 7 8,0,68,,1625,400,0,9 7 8,0,30,,1626,400,0,9 7 8,0,70,,1627,400,0,9 7 8,0,30,,1629,400,0,9 7 8,0,100,,1656,400,,,0,99,,1657,400,,,0,90,,1658,400,,,0
20001,'Week-end-01',618,,1682,400,,,0,101,,1666,400,0,9 7 8,0,101,,1667,400,0,9 7 8,0,102,,1668,400,0,9 7 8,0,29,,1683,400,,,0,71,,1669,400,0,9 7 8,0,29,,1684,400,,,0,71,,1670,400,0,9 7 8,0,29,,1685,400,,,0,71,,1671,400,0,9 7 8,0,29,,1686,400,,,0,71,,1672,400,0,9 7 8,0,29,,1687,400,,,0,71,,1673,400,0,9 7 8,0,29,,1688,400,,,0,71,,1674,400,0,9 7 8,0,29,,1689,400,,,0,71,,1675,400,0,9 7 8,0,30,,1676,400,0,9 7 8,0,100,,1677,400,0,9 7 8,0,98,,1678,400,0,9 7 8,0,99,,1679,400,0,9 7 8,0,100,,1680,400,0,9 7 8,0,99,,1681,400,0,9 7 8,0,100,,1690,400,,,0,100,,1691,400,,,0,100,,1692,400,,,0
20101,'Semaine-01',604,,1702,70,,,0,24,,2070,30,,,0,16,,1703,70,,,0,4,,2071,30,,,0,11,,1704,70,,,0,59,,2072,30,,,0,11,,1705,70,,,0,19,,2073,30,,,0,52,,1706,70,,,0
30001,'Fête-2-01',700,,2087,120,,,0,50,,2085,120,,,0,93,,2081,410,,,0,82,,2086,120,,,0,98,,2082,410,,,0,100,,2083,410,,,0,102,,2084,410,,,0
30001,'Semaine-01',700,,1732,120,,,0,50,,1730,120,,,0,93,,1726,410,,,0,82,,1731,120,,,0,98,,1727,410,,,0,100,,1728,410,,,0,102,,1729,410,,,0
2000002301,'Fête-2-01',1339,,2158,280,,,0
2000002301,'Semaine-01',1339,,1804,280,,,0
